1	1	A	1	11.7929	0.000233148	0	0	0	0	0	0
1	1	B	1	11.7929	0.000233148	0	0	0	0	0	0
1	1	A	2	10.9881	0.000242103	0	0	0	0	0	0
1	1	B	2	10.9881	0.000242103	0	0	0	0	0	0
1	1	A	3	10.6257	0.000262921	0	0	0	0	0	0
1	1	B	3	10.6257	0.000262921	0	0	0	0	0	0
1	1	A	4	10.3736	0.000300751	0	0	0	0	0	0
1	1	B	4	10.3736	0.000300751	0	0	0	0	0	0
1	2	A	1	11.7417	0.000216073	0	0	0	0	0	0
1	2	B	1	11.7417	0.000216073	0	0	0	0	0	0
1	2	A	2	10.8550	0.000254479	0	0	0	0	0	0
1	2	B	2	10.8550	0.000254479	0	0	0	0	0	0
1	2	A	3	10.9459	0.000253212	0	0	0	0	0	0
1	2	B	3	10.9459	0.000253212	0	0	0	0	0	0
1	2	A	4	10.6147	0.000299416	0	0	0	0	0	0
1	2	B	4	10.6147	0.000299416	0	0	0	0	0	0
1	3	A	1	11.6581	0.000210389	0	0	0	0	0	0
1	3	B	1	11.6581	0.000210389	0	0	0	0	0	0
1	3	A	2	10.8449	0.000223486	0	0	0	0	0	0
1	3	B	2	10.8449	0.000223486	0	0	0	0	0	0
1	3	A	3	10.6304	0.000268634	0	0	0	0	0	0
1	3	B	3	10.6304	0.000268634	0	0	0	0	0	0
1	3	A	4	10.3812	0.000296538	0	0	0	0	0	0
1	3	B	4	10.3812	0.000296538	0	0	0	0	0	0
1	4	A	1	11.8668	0.000304015	0	0	0	0	0	0
1	4	B	1	11.8668	0.000304015	0	0	0	0	0	0
1	4	A	2	11.0969	0.000338121	0	0	0	0	0	0
1	4	B	2	11.0969	0.000338121	0	0	0	0	0	0
1	4	A	3	10.8834	0.000359677	0	0	0	0	0	0
1	4	B	3	10.8834	0.000359677	0	0	0	0	0	0
1	4	A	4	10.5453	0.000386342	0	0	0	0	0	0
1	4	B	4	10.5453	0.000386342	0	0	0	0	0	0
1	5	A	1	11.6080	0.000240428	0	0	0	0	0	0
1	5	B	1	11.6080	0.000240428	0	0	0	0	0	0
1	5	A	2	10.8986	0.000269976	0	0	0	0	0	0
1	5	B	2	10.8986	0.000269976	0	0	0	0	0	0
1	5	A	3	10.6342	0.000297645	0	0	0	0	0	0
1	5	B	3	10.6342	0.000297645	0	0	0	0	0	0
1	5	A	4	10.6608	0.000337036	0	0	0	0	0	0
1	5	B	4	10.6608	0.000337036	0	0	0	0	0	0
1	6	A	1	11.1411	0.000272817	0	0	0	0	0	0
1	6	B	1	11.1411	0.000272817	0	0	0	0	0	0
1	6	A	2	10.8652	0.000342047	0	0	0	0	0	0
1	6	B	2	10.8652	0.000342047	0	0	0	0	0	0
1	6	A	3	10.6337	0.000374130	0	0	0	0	0	0
1	6	B	3	10.6337	0.000374130	0	0	0	0	0	0
1	6	A	4	10.1756	0.000389597	0	0	0	0	0	0
1	6	B	4	10.1756	0.000389597	0	0	0	0	0	0
1	7	A	1	11.5217	0.000257574	0	0	0	0	0	0
1	7	B	1	11.5217	0.000257574	0	0	0	0	0	0
1	7	A	2	10.9456	0.000252212	0	0	0	0	0	0
1	7	B	2	10.9456	0.000252212	0	0	0	0	0	0
1	7	A	3	10.5621	0.000270881	0	0	0	0	0	0
1	7	B	3	10.5621	0.000270881	0	0	0	0	0	0
1	7	A	4	10.5108	0.000317988	0	0	0	0	0	0
1	7	B	4	10.5108	0.000317988	0	0	0	0	0	0
1	8	A	1	11.5298	0.000232343	0	0	0	0	0	0
1	8	B	1	11.5298	0.000232343	0	0	0	0	0	0
1	8	A	2	10.9046	0.000244750	0	0	0	0	0	0
1	8	B	2	10.9046	0.000244750	0	0	0	0	0	0
1	8	A	3	10.6223	0.000273844	0	0	0	0	0	0
1	8	B	3	10.6223	0.000273844	0	0	0	0	0	0
1	8	A	4	10.5466	0.000316015	0	0	0	0	0	0
1	8	B	4	10.5466	0.000316015	0	0	0	0	0	0
1	9	A	1	11.2948	0.000249736	0	0	0	0	0	0
1	9	B	1	11.2948	0.000249736	0	0	0	0	0	0
1	9	A	2	10.6221	0.000267066	0	0	0	0	0	0
1	9	B	2	10.6221	0.000267066	0	0	0	0	0	0
1	9	A	3	10.4548	0.000316428	0	0	0	0	0	0
1	9	B	3	10.4548	0.000316428	0	0	0	0	0	0
1	9	A	4	10.4526	0.000354878	0	0	0	0	0	0
1	9	B	4	10.4526	0.000354878	0	0	0	0	0	0
1	10	A	1	11.4049	0.000295840	0	0	0	0	0	0
1	10	B	1	11.4049	0.000295840	0	0	0	0	0	0
1	10	A	2	10.7376	0.000316191	0	0	0	0	0	0
1	10	B	2	10.7376	0.000316191	0	0	0	0	0	0
1	10	A	3	10.6391	0.000353378	0	0	0	0	0	0
1	10	B	3	10.6391	0.000353378	0	0	0	0	0	0
1	10	A	4	10.5176	0.000398176	0	0	0	0	0	0
1	10	B	4	10.5176	0.000398176	0	0	0	0	0	0
1	11	A	1	11.6123	0.000225595	0	0	0	0	0	0
1	11	B	1	11.6123	0.000225595	0	0	0	0	0	0
1	11	A	2	10.6732	0.000243863	0	0	0	0	0	0
1	11	B	2	10.6732	0.000243863	0	0	0	0	0	0
1	11	A	3	10.3207	0.000275889	0	0	0	0	0	0
1	11	B	3	10.3207	0.000275889	0	0	0	0	0	0
1	11	A	4	10.3324	0.000312157	0	0	0	0	0	0
1	11	B	4	10.3324	0.000312157	0	0	0	0	0	0
1	12	A	1	11.8372	0.000240850	0	0	0	0	0	0
1	12	B	1	11.8372	0.000240850	0	0	0	0	0	0
1	12	A	2	10.8912	0.000251741	0	0	0	0	0	0
1	12	B	2	10.8912	0.000251741	0	0	0	0	0	0
1	12	A	3	10.6851	0.000289825	0	0	0	0	0	0
1	12	B	3	10.6851	0.000289825	0	0	0	0	0	0
1	12	A	4	10.6210	0.000335291	0	0	0	0	0	0
1	12	B	4	10.6210	0.000335291	0	0	0	0	0	0
1	13	A	1	12.1359	0.000226548	0	0	0	0	0	0
1	13	B	1	12.1359	0.000226548	0	0	0	0	0	0
1	13	A	2	11.2832	0.000242920	0	0	0	0	0	0
1	13	B	2	11.2832	0.000242920	0	0	0	0	0	0
1	13	A	3	11.2394	0.000266377	0	0	0	0	0	0
1	13	B	3	11.2394	0.000266377	0	0	0	0	0	0
1	13	A	4	10.8630	0.000318664	0	0	0	0	0	0
1	13	B	4	10.8630	0.000318664	0	0	0	0	0	0
1	14	A	1	11.7539	0.000192387	0	0	0	0	0	0
1	14	B	1	11.7539	0.000192387	0	0	0	0	0	0
1	14	A	2	10.9484	0.000223717	0	0	0	0	0	0
1	14	B	2	10.9484	0.000223717	0	0	0	0	0	0
1	14	A	3	11.2512	0.000238789	0	0	0	0	0	0
1	14	B	3	11.2512	0.000238789	0	0	0	0	0	0
1	14	A	4	10.8012	0.000284996	0	0	0	0	0	0
1	14	B	4	10.8012	0.000284996	0	0	0	0	0	0
1	15	A	1	12.0863	0.000218074	0	0	0	0	0	0
1	15	B	1	12.0863	0.000218074	0	0	0	0	0	0
1	15	A	2	11.3752	0.000243593	0	0	0	0	0	0
1	15	B	2	11.3752	0.000243593	0	0	0	0	0	0
1	15	A	3	11.2114	0.000250615	0	0	0	0	0	0
1	15	B	3	11.2114	0.000250615	0	0	0	0	0	0
1	15	A	4	11.0823	0.000286715	0	0	0	0	0	0
1	15	B	4	11.0823	0.000286715	0	0	0	0	0	0
1	16	A	1	11.8323	0.000286762	0	0	0	0	0	0
1	16	B	1	11.8323	0.000286762	0	0	0	0	0	0
1	16	A	2	10.9278	0.000289570	0	0	0	0	0	0
1	16	B	2	10.9278	0.000289570	0	0	0	0	0	0
1	16	A	3	11.1307	0.000302228	0	0	0	0	0	0
1	16	B	3	11.1307	0.000302228	0	0	0	0	0	0
1	16	A	4	10.6518	0.000362647	0	0	0	0	0	0
1	16	B	4	10.6518	0.000362647	0	0	0	0	0	0
1	17	A	1	11.8870	0.000221861	0	0	0	0	0	0
1	17	B	1	11.8870	0.000221861	0	0	0	0	0	0
1	17	A	2	11.3746	0.000237514	0	0	0	0	0	0
1	17	B	2	11.3746	0.000237514	0	0	0	0	0	0
1	17	A	3	10.9637	0.000262440	0	0	0	0	0	0
1	17	B	3	10.9637	0.000262440	0	0	0	0	0	0
1	17	A	4	10.9987	0.000311556	0	0	0	0	0	0
1	17	B	4	10.9987	0.000311556	0	0	0	0	0	0
1	18	A	1	11.9471	0.000209744	0	0	0	0	0	0
1	18	B	1	11.9471	0.000209744	0	0	0	0	0	0
1	18	A	2	11.2495	0.000230230	0	0	0	0	0	0
1	18	B	2	11.2495	0.000230230	0	0	0	0	0	0
1	18	A	3	11.0447	0.000254254	0	0	0	0	0	0
1	18	B	3	11.0447	0.000254254	0	0	0	0	0	0
1	18	A	4	10.8805	0.000303061	0	0	0	0	0	0
1	18	B	4	10.8805	0.000303061	0	0	0	0	0	0
1	19	A	1	11.5137	0.000207113	0	0	0	0	0	0
1	19	B	1	11.5137	0.000207113	0	0	0	0	0	0
1	19	A	2	10.7719	0.000233807	0	0	0	0	0	0
1	19	B	2	10.7719	0.000233807	0	0	0	0	0	0
1	19	A	3	10.5165	0.000254913	0	0	0	0	0	0
1	19	B	3	10.5165	0.000254913	0	0	0	0	0	0
1	19	A	4	10.2984	0.000287031	0	0	0	0	0	0
1	19	B	4	10.2984	0.000287031	0	0	0	0	0	0
1	20	A	1	11.5821	0.000222492	0	0	0	0	0	0
1	20	B	1	11.5821	0.000222492	0	0	0	0	0	0
1	20	A	2	10.7424	0.000233905	0	0	0	0	0	0
1	20	B	2	10.7424	0.000233905	0	0	0	0	0	0
1	20	A	3	10.6347	0.000258821	0	0	0	0	0	0
1	20	B	3	10.6347	0.000258821	0	0	0	0	0	0
1	20	A	4	10.5297	0.000304225	0	0	0	0	0	0
1	20	B	4	10.5297	0.000304225	0	0	0	0	0	0
1	21	A	1	11.7730	0.000237472	0	0	0	0	0	0
1	21	B	1	11.7730	0.000237472	0	0	0	0	0	0
1	21	A	2	11.1863	0.000261393	0	0	0	0	0	0
1	21	B	2	11.1863	0.000261393	0	0	0	0	0	0
1	21	A	3	10.8900	0.000278714	0	0	0	0	0	0
1	21	B	3	10.8900	0.000278714	0	0	0	0	0	0
1	21	A	4	10.6306	0.000318295	0	0	0	0	0	0
1	21	B	4	10.6306	0.000318295	0	0	0	0	0	0
1	22	A	1	11.8918	0.000297828	0	0	0	0	0	0
1	22	B	1	11.8918	0.000297828	0	0	0	0	0	0
1	22	A	2	11.2557	0.000312486	0	0	0	0	0	0
1	22	B	2	11.2557	0.000312486	0	0	0	0	0	0
1	22	A	3	11.0465	0.000349578	0	0	0	0	0	0
1	22	B	3	11.0465	0.000349578	0	0	0	0	0	0
1	22	A	4	10.7871	0.000413151	0	0	0	0	0	0
1	22	B	4	10.7871	0.000413151	0	0	0	0	0	0
1	23	A	1	11.8797	0.000245592	0	0	0	0	0	0
1	23	B	1	11.8797	0.000245592	0	0	0	0	0	0
1	23	A	2	11.2245	0.000270665	0	0	0	0	0	0
1	23	B	2	11.2245	0.000270665	0	0	0	0	0	0
1	23	A	3	10.9865	0.000273969	0	0	0	0	0	0
1	23	B	3	10.9865	0.000273969	0	0	0	0	0	0
1	23	A	4	10.7664	0.000312093	0	0	0	0	0	0
1	23	B	4	10.7664	0.000312093	0	0	0	0	0	0
1	24	A	1	11.9118	0.000231158	0	0	0	0	0	0
1	24	B	1	11.9118	0.000231158	0	0	0	0	0	0
1	24	A	2	11.0794	0.000254511	0	0	0	0	0	0
1	24	B	2	11.0794	0.000254511	0	0	0	0	0	0
1	24	A	3	10.7406	0.000271824	0	0	0	0	0	0
1	24	B	3	10.7406	0.000271824	0	0	0	0	0	0
1	24	A	4	10.6559	0.000304656	0	0	0	0	0	0
1	24	B	4	10.6559	0.000304656	0	0	0	0	0	0
1	25	A	1	11.7208	0.000206180	0	0	0	0	0	0
1	25	B	1	11.7208	0.000206180	0	0	0	0	0	0
1	25	A	2	10.9947	0.000223083	0	0	0	0	0	0
1	25	B	2	10.9947	0.000223083	0	0	0	0	0	0
1	25	A	3	10.7404	0.000242737	0	0	0	0	0	0
1	25	B	3	10.7404	0.000242737	0	0	0	0	0	0
1	25	A	4	10.5063	0.000285178	0	0	0	0	0	0
1	25	B	4	10.5063	0.000285178	0	0	0	0	0	0
1	26	A	1	11.6605	0.000216292	0	0	0	0	0	0
1	26	B	1	11.6605	0.000216292	0	0	0	0	0	0
1	26	A	2	11.1222	0.000252086	0	0	0	0	0	0
1	26	B	2	11.1222	0.000252086	0	0	0	0	0	0
1	26	A	3	11.2701	0.000259741	0	0	0	0	0	0
1	26	B	3	11.2701	0.000259741	0	0	0	0	0	0
1	26	A	4	10.8574	0.000310565	0	0	0	0	0	0
1	26	B	4	10.8574	0.000310565	0	0	0	0	0	0
1	27	A	1	11.5808	0.000204371	0	0	0	0	0	0
1	27	B	1	11.5808	0.000204371	0	0	0	0	0	0
1	27	A	2	10.9848	0.000218976	0	0	0	0	0	0
1	27	B	2	10.9848	0.000218976	0	0	0	0	0	0
1	27	A	3	10.7550	0.000238081	0	0	0	0	0	0
1	27	B	3	10.7550	0.000238081	0	0	0	0	0	0
1	27	A	4	10.5733	0.000284389	0	0	0	0	0	0
1	27	B	4	10.5733	0.000284389	0	0	0	0	0	0
1	28	A	1	11.7530	0.000273500	0	0	0	0	0	0
1	28	B	1	11.7530	0.000273500	0	0	0	0	0	0
1	28	A	2	10.8537	0.000291915	0	0	0	0	0	0
1	28	B	2	10.8537	0.000291915	0	0	0	0	0	0
1	28	A	3	10.7010	0.000328243	0	0	0	0	0	0
1	28	B	3	10.7010	0.000328243	0	0	0	0	0	0
1	28	A	4	10.6337	0.000373004	0	0	0	0	0	0
1	28	B	4	10.6337	0.000373004	0	0	0	0	0	0
1	29	A	1	11.4066	0.000210821	0	0	0	0	0	0
1	29	B	1	11.4066	0.000210821	0	0	0	0	0	0
1	29	A	2	10.7393	0.000238505	0	0	0	0	0	0
1	29	B	2	10.7393	0.000238505	0	0	0	0	0	0
1	29	A	3	10.4457	0.000257738	0	0	0	0	0	0
1	29	B	3	10.4457	0.000257738	0	0	0	0	0	0
1	29	A	4	10.4284	0.000291097	0	0	0	0	0	0
1	29	B	4	10.4284	0.000291097	0	0	0	0	0	0
1	30	A	1	11.4967	0.000193632	0	0	0	0	0	0
1	30	B	1	11.4967	0.000193632	0	0	0	0	0	0
1	30	A	2	10.8442	0.000230362	0	0	0	0	0	0
1	30	B	2	10.8442	0.000230362	0	0	0	0	0	0
1	30	A	3	10.6502	0.000253683	0	0	0	0	0	0
1	30	B	3	10.6502	0.000253683	0	0	0	0	0	0
1	30	A	4	10.4914	0.000281766	0	0	0	0	0	0
1	30	B	4	10.4914	0.000281766	0	0	0	0	0	0
1	31	A	1	11.2740	0.000195086	0	0	0	0	0	0
1	31	B	1	11.2740	0.000195086	0	0	0	0	0	0
1	31	A	2	10.5270	0.000239362	0	0	0	0	0	0
1	31	B	2	10.5270	0.000239362	0	0	0	0	0	0
1	31	A	3	10.1995	0.000244783	0	0	0	0	0	0
1	31	B	3	10.1995	0.000244783	0	0	0	0	0	0
1	31	A	4	10.1439	0.000279145	0	0	0	0	0	0
1	31	B	4	10.1439	0.000279145	0	0	0	0	0	0
1	32	A	1	11.3795	0.000199158	0	0	0	0	0	0
1	32	B	1	11.3795	0.000199158	0	0	0	0	0	0
1	32	A	2	10.7414	0.000229300	0	0	0	0	0	0
1	32	B	2	10.7414	0.000229300	0	0	0	0	0	0
1	32	A	3	10.4720	0.000241268	0	0	0	0	0	0
1	32	B	3	10.4720	0.000241268	0	0	0	0	0	0
1	32	A	4	10.3654	0.000279670	0	0	0	0	0	0
1	32	B	4	10.3654	0.000279670	0	0	0	0	0	0
1	33	A	1	11.2272	0.000217091	0	0	0	0	0	0
1	33	B	1	11.2272	0.000217091	0	0	0	0	0	0
1	33	A	2	10.6281	0.000236829	0	0	0	0	0	0
1	33	B	2	10.6281	0.000236829	0	0	0	0	0	0
1	33	A	3	10.4656	0.000262026	0	0	0	0	0	0
1	33	B	3	10.4656	0.000262026	0	0	0	0	0	0
1	33	A	4	10.3373	0.000316291	0	0	0	0	0	0
1	33	B	4	10.3373	0.000316291	0	0	0	0	0	0
1	34	A	1	11.8237	0.000312595	0	0	0	0	0	0
1	34	B	1	11.8237	0.000312595	0	0	0	0	0	0
1	34	A	2	11.0873	0.000334479	0	0	0	0	0	0
1	34	B	2	11.0873	0.000334479	0	0	0	0	0	0
1	34	A	3	10.9986	0.000392467	0	0	0	0	0	0
1	34	B	3	10.9986	0.000392467	0	0	0	0	0	0
1	34	A	4	10.8145	0.000409707	0	0	0	0	0	0
1	34	B	4	10.8145	0.000409707	0	0	0	0	0	0
1	35	A	1	11.7119	0.000202479	0	0	0	0	0	0
1	35	B	1	11.7119	0.000202479	0	0	0	0	0	0
1	35	A	2	11.1191	0.000220874	0	0	0	0	0	0
1	35	B	2	11.1191	0.000220874	0	0	0	0	0	0
1	35	A	3	10.7866	0.000234175	0	0	0	0	0	0
1	35	B	3	10.7866	0.000234175	0	0	0	0	0	0
1	35	A	4	10.6304	0.000276860	0	0	0	0	0	0
1	35	B	4	10.6304	0.000276860	0	0	0	0	0	0
1	36	A	1	11.5724	0.000218759	0	0	0	0	0	0
1	36	B	1	11.5724	0.000218759	0	0	0	0	0	0
1	36	A	2	10.7563	0.000259231	0	0	0	0	0	0
1	36	B	2	10.7563	0.000259231	0	0	0	0	0	0
1	36	A	3	10.7508	0.000265662	0	0	0	0	0	0
1	36	B	3	10.7508	0.000265662	0	0	0	0	0	0
1	36	A	4	10.5056	0.000298116	0	0	0	0	0	0
1	36	B	4	10.5056	0.000298116	0	0	0	0	0	0
1	37	A	1	11.8714	0.000207481	0	0	0	0	0	0
1	37	B	1	11.8714	0.000207481	0	0	0	0	0	0
1	37	A	2	10.9963	0.000262748	0	0	0	0	0	0
1	37	B	2	10.9963	0.000262748	0	0	0	0	0	0
1	37	A	3	10.8527	0.000247151	0	0	0	0	0	0
1	37	B	3	10.8527	0.000247151	0	0	0	0	0	0
1	37	A	4	10.5916	0.000283919	0	0	0	0	0	0
1	37	B	4	10.5916	0.000283919	0	0	0	0	0	0
1	38	A	1	11.8346	0.000209401	0	0	0	0	0	0
1	38	B	1	11.8346	0.000209401	0	0	0	0	0	0
1	38	A	2	11.0473	0.000233744	0	0	0	0	0	0
1	38	B	2	11.0473	0.000233744	0	0	0	0	0	0
1	38	A	3	11.2220	0.000249189	0	0	0	0	0	0
1	38	B	3	11.2220	0.000249189	0	0	0	0	0	0
1	38	A	4	10.9463	0.000296007	0	0	0	0	0	0
1	38	B	4	10.9463	0.000296007	0	0	0	0	0	0
1	39	A	1	12.0532	0.000200298	0	0	0	0	0	0
1	39	B	1	12.0532	0.000200298	0	0	0	0	0	0
1	39	A	2	11.1912	0.000209191	0	0	0	0	0	0
1	39	B	2	11.1912	0.000209191	0	0	0	0	0	0
1	39	A	3	11.0357	0.000232456	0	0	0	0	0	0
1	39	B	3	11.0357	0.000232456	0	0	0	0	0	0
1	39	A	4	10.8401	0.000279941	0	0	0	0	0	0
1	39	B	4	10.8401	0.000279941	0	0	0	0	0	0
1	40	A	1	11.8256	0.000297337	0	0	0	0	0	0
1	40	B	1	11.8256	0.000297337	0	0	0	0	0	0
1	40	A	2	10.9534	0.000310351	0	0	0	0	0	0
1	40	B	2	10.9534	0.000310351	0	0	0	0	0	0
1	40	A	3	10.8633	0.000338590	0	0	0	0	0	0
1	40	B	3	10.8633	0.000338590	0	0	0	0	0	0
1	40	A	4	10.6388	0.000393278	0	0	0	0	0	0
1	40	B	4	10.6388	0.000393278	0	0	0	0	0	0
1	41	A	1	11.6859	0.000218279	0	0	0	0	0	0
1	41	B	1	11.6859	0.000218279	0	0	0	0	0	0
1	41	A	2	10.9654	0.000240687	0	0	0	0	0	0
1	41	B	2	10.9654	0.000240687	0	0	0	0	0	0
1	41	A	3	10.8700	0.000288760	0	0	0	0	0	0
1	41	B	3	10.8700	0.000288760	0	0	0	0	0	0
1	41	A	4	10.7331	0.000338710	0	0	0	0	0	0
1	41	B	4	10.7331	0.000338710	0	0	0	0	0	0
1	42	A	1	11.7271	0.000226400	0	0	0	0	0	0
1	42	B	1	11.7271	0.000226400	0	0	0	0	0	0
1	42	A	2	11.3166	0.000247971	0	0	0	0	0	0
1	42	B	2	11.3166	0.000247971	0	0	0	0	0	0
1	42	A	3	11.2251	0.000278075	0	0	0	0	0	0
1	42	B	3	11.2251	0.000278075	0	0	0	0	0	0
1	42	A	4	11.2237	0.000304066	0	0	0	0	0	0
1	42	B	4	11.2237	0.000304066	0	0	0	0	0	0
1	43	A	1	11.4113	0.000210776	0	0	0	0	0	0
1	43	B	1	11.4113	0.000210776	0	0	0	0	0	0
1	43	A	2	10.5915	0.000238692	0	0	0	0	0	0
1	43	B	2	10.5915	0.000238692	0	0	0	0	0	0
1	43	A	3	10.5595	0.000282609	0	0	0	0	0	0
1	43	B	3	10.5595	0.000282609	0	0	0	0	0	0
1	43	A	4	10.4757	0.000327580	0	0	0	0	0	0
1	43	B	4	10.4757	0.000327580	0	0	0	0	0	0
1	44	A	1	11.3830	0.000215893	0	0	0	0	0	0
1	44	B	1	11.3830	0.000215893	0	0	0	0	0	0
1	44	A	2	10.8654	0.000234312	0	0	0	0	0	0
1	44	B	2	10.8654	0.000234312	0	0	0	0	0	0
1	44	A	3	10.8193	0.000277955	0	0	0	0	0	0
1	44	B	3	10.8193	0.000277955	0	0	0	0	0	0
1	44	A	4	10.7227	0.000309056	0	0	0	0	0	0
1	44	B	4	10.7227	0.000309056	0	0	0	0	0	0
1	45	A	1	11.4345	0.000215980	0	0	0	0	0	0
1	45	B	1	11.4345	0.000215980	0	0	0	0	0	0
1	45	A	2	10.6778	0.000236173	0	0	0	0	0	0
1	45	B	2	10.6778	0.000236173	0	0	0	0	0	0
1	45	A	3	10.7254	0.000265818	0	0	0	0	0	0
1	45	B	3	10.7254	0.000265818	0	0	0	0	0	0
1	45	A	4	10.4516	0.000308579	0	0	0	0	0	0
1	45	B	4	10.4516	0.000308579	0	0	0	0	0	0
1	46	A	1	11.7812	0.000282915	0	0	0	0	0	0
1	46	B	1	11.7812	0.000282915	0	0	0	0	0	0
1	46	A	2	10.9822	0.000300532	0	0	0	0	0	0
1	46	B	2	10.9822	0.000300532	0	0	0	0	0	0
1	46	A	3	10.9912	0.000334211	0	0	0	0	0	0
1	46	B	3	10.9912	0.000334211	0	0	0	0	0	0
1	46	A	4	10.7681	0.000391346	0	0	0	0	0	0
1	46	B	4	10.7681	0.000391346	0	0	0	0	0	0
1	47	A	1	11.7250	0.000236820	0	0	0	0	0	0
1	47	B	1	11.7250	0.000236820	0	0	0	0	0	0
1	47	A	2	11.2305	0.000286132	0	0	0	0	0	0
1	47	B	2	11.2305	0.000286132	0	0	0	0	0	0
1	47	A	3	11.1602	0.000302807	0	0	0	0	0	0
1	47	B	3	11.1602	0.000302807	0	0	0	0	0	0
1	47	A	4	10.9186	0.000328956	0	0	0	0	0	0
1	47	B	4	10.9186	0.000328956	0	0	0	0	0	0
1	48	A	1	11.8075	0.000232321	0	0	0	0	0	0
1	48	B	1	11.8075	0.000232321	0	0	0	0	0	0
1	48	A	2	11.1578	0.000267901	0	0	0	0	0	0
1	48	B	2	11.1578	0.000267901	0	0	0	0	0	0
1	48	A	3	11.2116	0.000294307	0	0	0	0	0	0
1	48	B	3	11.2116	0.000294307	0	0	0	0	0	0
1	48	A	4	11.1243	0.000332702	0	0	0	0	0	0
1	48	B	4	11.1243	0.000332702	0	0	0	0	0	0
2	1	A	1	11.3947	0.000211858	0	0	0	0	0	0
2	1	B	1	11.3947	0.000211858	0	0	0	0	0	0
2	1	A	2	10.8429	0.000227038	0	0	0	0	0	0
2	1	B	2	10.8429	0.000227038	0	0	0	0	0	0
2	1	A	3	10.6733	0.000258089	0	0	0	0	0	0
2	1	B	3	10.6733	0.000258089	0	0	0	0	0	0
2	1	A	4	10.4664	0.000300659	0	0	0	0	0	0
2	1	B	4	10.4664	0.000300659	0	0	0	0	0	0
2	2	A	1	11.8502	0.000209927	0	0	0	0	0	0
2	2	B	1	11.8502	0.000209927	0	0	0	0	0	0
2	2	A	2	11.1079	0.000239452	0	0	0	0	0	0
2	2	B	2	11.1079	0.000239452	0	0	0	0	0	0
2	2	A	3	11.3559	0.000266383	0	0	0	0	0	0
2	2	B	3	11.3559	0.000266383	0	0	0	0	0	0
2	2	A	4	11.0091	0.000306443	0	0	0	0	0	0
2	2	B	4	11.0091	0.000306443	0	0	0	0	0	0
2	3	A	1	11.6103	0.000232475	0	0	0	0	0	0
2	3	B	1	11.6103	0.000232475	0	0	0	0	0	0
2	3	A	2	10.8666	0.000248903	0	0	0	0	0	0
2	3	B	2	10.8666	0.000248903	0	0	0	0	0	0
2	3	A	3	10.8415	0.000282677	0	0	0	0	0	0
2	3	B	3	10.8415	0.000282677	0	0	0	0	0	0
2	3	A	4	10.6522	0.000328273	0	0	0	0	0	0
2	3	B	4	10.6522	0.000328273	0	0	0	0	0	0
2	4	A	1	11.6967	0.000205591	0	0	0	0	0	0
2	4	B	1	11.6967	0.000205591	0	0	0	0	0	0
2	4	A	2	11.0079	0.000221848	0	0	0	0	0	0
2	4	B	2	11.0079	0.000221848	0	0	0	0	0	0
2	4	A	3	10.8792	0.000241166	0	0	0	0	0	0
2	4	B	3	10.8792	0.000241166	0	0	0	0	0	0
2	4	A	4	10.6648	0.000291491	0	0	0	0	0	0
2	4	B	4	10.6648	0.000291491	0	0	0	0	0	0
2	5	A	1	11.3259	0.000211298	0	0	0	0	0	0
2	5	B	1	11.3259	0.000211298	0	0	0	0	0	0
2	5	A	2	10.7237	0.000235149	0	0	0	0	0	0
2	5	B	2	10.7237	0.000235149	0	0	0	0	0	0
2	5	A	3	10.6723	0.000277473	0	0	0	0	0	0
2	5	B	3	10.6723	0.000277473	0	0	0	0	0	0
2	5	A	4	10.6494	0.000326427	0	0	0	0	0	0
2	5	B	4	10.6494	0.000326427	0	0	0	0	0	0
2	6	A	1	11.4328	0.000214937	0	0	0	0	0	0
2	6	B	1	11.4328	0.000214937	0	0	0	0	0	0
2	6	A	2	10.8836	0.000242875	0	0	0	0	0	0
2	6	B	2	10.8836	0.000242875	0	0	0	0	0	0
2	6	A	3	10.8303	0.000284768	0	0	0	0	0	0
2	6	B	3	10.8303	0.000284768	0	0	0	0	0	0
2	6	A	4	10.8560	0.000329286	0	0	0	0	0	0
2	6	B	4	10.8560	0.000329286	0	0	0	0	0	0
2	7	A	1	11.3724	0.000204165	0	0	0	0	0	0
2	7	B	1	11.3724	0.000204165	0	0	0	0	0	0
2	7	A	2	10.6511	0.000227325	0	0	0	0	0	0
2	7	B	2	10.6511	0.000227325	0	0	0	0	0	0
2	7	A	3	10.3870	0.000260326	0	0	0	0	0	0
2	7	B	3	10.3870	0.000260326	0	0	0	0	0	0
2	7	A	4	10.3567	0.000297519	0	0	0	0	0	0
2	7	B	4	10.3567	0.000297519	0	0	0	0	0	0
2	8	A	1	11.3043	0.000208423	0	0	0	0	0	0
2	8	B	1	11.3043	0.000208423	0	0	0	0	0	0
2	8	A	2	10.7184	0.000240307	0	0	0	0	0	0
2	8	B	2	10.7184	0.000240307	0	0	0	0	0	0
2	8	A	3	10.6902	0.000280931	0	0	0	0	0	0
2	8	B	3	10.6902	0.000280931	0	0	0	0	0	0
2	8	A	4	10.6396	0.000329565	0	0	0	0	0	0
2	8	B	4	10.6396	0.000329565	0	0	0	0	0	0
2	9	A	1	11.4682	0.000240841	0	0	0	0	0	0
2	9	B	1	11.4682	0.000240841	0	0	0	0	0	0
2	9	A	2	10.9433	0.000261004	0	0	0	0	0	0
2	9	B	2	10.9433	0.000261004	0	0	0	0	0	0
2	9	A	3	10.8115	0.000295529	0	0	0	0	0	0
2	9	B	3	10.8115	0.000295529	0	0	0	0	0	0
2	9	A	4	10.8798	0.000360191	0	0	0	0	0	0
2	9	B	4	10.8798	0.000360191	0	0	0	0	0	0
2	10	A	1	11.9097	0.000237362	0	0	0	0	0	0
2	10	B	1	11.9097	0.000237362	0	0	0	0	0	0
2	10	A	2	11.3046	0.000266858	0	0	0	0	0	0
2	10	B	2	11.3046	0.000266858	0	0	0	0	0	0
2	10	A	3	11.2856	0.000308247	0	0	0	0	0	0
2	10	B	3	11.2856	0.000308247	0	0	0	0	0	0
2	10	A	4	11.1778	0.000355827	0	0	0	0	0	0
2	10	B	4	11.1778	0.000355827	0	0	0	0	0	0
2	11	A	1	11.4636	0.000216574	0	0	0	0	0	0
2	11	B	1	11.4636	0.000216574	0	0	0	0	0	0
2	11	A	2	10.8250	0.000235433	0	0	0	0	0	0
2	11	B	2	10.8250	0.000235433	0	0	0	0	0	0
2	11	A	3	10.5732	0.000264315	0	0	0	0	0	0
2	11	B	3	10.5732	0.000264315	0	0	0	0	0	0
2	11	A	4	10.4888	0.000308655	0	0	0	0	0	0
2	11	B	4	10.4888	0.000308655	0	0	0	0	0	0
2	12	A	1	11.9587	0.000227095	0	0	0	0	0	0
2	12	B	1	11.9587	0.000227095	0	0	0	0	0	0
2	12	A	2	11.1580	0.000254681	0	0	0	0	0	0
2	12	B	2	11.1580	0.000254681	0	0	0	0	0	0
2	12	A	3	11.0326	0.000288767	0	0	0	0	0	0
2	12	B	3	11.0326	0.000288767	0	0	0	0	0	0
2	12	A	4	11.0957	0.000341916	0	0	0	0	0	0
2	12	B	4	11.0957	0.000341916	0	0	0	0	0	0
2	13	A	1	11.7947	0.000255238	0	0	0	0	0	0
2	13	B	1	11.7947	0.000255238	0	0	0	0	0	0
2	13	A	2	11.1747	0.000290259	0	0	0	0	0	0
2	13	B	2	11.1747	0.000290259	0	0	0	0	0	0
2	13	A	3	11.3854	0.000329640	0	0	0	0	0	0
2	13	B	3	11.3854	0.000329640	0	0	0	0	0	0
2	13	A	4	11.2736	0.000374809	0	0	0	0	0	0
2	13	B	4	11.2736	0.000374809	0	0	0	0	0	0
2	14	A	1	11.3932	0.000222664	0	0	0	0	0	0
2	14	B	1	11.3932	0.000222664	0	0	0	0	0	0
2	14	A	2	10.7727	0.000252779	0	0	0	0	0	0
2	14	B	2	10.7727	0.000252779	0	0	0	0	0	0
2	14	A	3	11.3439	0.000298745	0	0	0	0	0	0
2	14	B	3	11.3439	0.000298745	0	0	0	0	0	0
2	14	A	4	10.9511	0.000337226	0	0	0	0	0	0
2	14	B	4	10.9511	0.000337226	0	0	0	0	0	0
2	15	A	1	11.7944	0.000221587	0	0	0	0	0	0
2	15	B	1	11.7944	0.000221587	0	0	0	0	0	0
2	15	A	2	11.0446	0.000246743	0	0	0	0	0	0
2	15	B	2	11.0446	0.000246743	0	0	0	0	0	0
2	15	A	3	10.9831	0.000263353	0	0	0	0	0	0
2	15	B	3	10.9831	0.000263353	0	0	0	0	0	0
2	15	A	4	10.8266	0.000314312	0	0	0	0	0	0
2	15	B	4	10.8266	0.000314312	0	0	0	0	0	0
2	16	A	1	11.5977	0.000206275	0	0	0	0	0	0
2	16	B	1	11.5977	0.000206275	0	0	0	0	0	0
2	16	A	2	10.7921	0.000230761	0	0	0	0	0	0
2	16	B	2	10.7921	0.000230761	0	0	0	0	0	0
2	16	A	3	10.9155	0.000258847	0	0	0	0	0	0
2	16	B	3	10.9155	0.000258847	0	0	0	0	0	0
2	16	A	4	10.6067	0.000305275	0	0	0	0	0	0
2	16	B	4	10.6067	0.000305275	0	0	0	0	0	0
2	17	A	1	11.2175	0.000245997	0	0	0	0	0	0
2	17	B	1	11.2175	0.000245997	0	0	0	0	0	0
2	17	A	2	10.7015	0.000270505	0	0	0	0	0	0
2	17	B	2	10.7015	0.000270505	0	0	0	0	0	0
2	17	A	3	10.6442	0.000306989	0	0	0	0	0	0
2	17	B	3	10.6442	0.000306989	0	0	0	0	0	0
2	17	A	4	10.6715	0.000347535	0	0	0	0	0	0
2	17	B	4	10.6715	0.000347535	0	0	0	0	0	0
2	18	A	1	11.4412	0.000222433	0	0	0	0	0	0
2	18	B	1	11.4412	0.000222433	0	0	0	0	0	0
2	18	A	2	10.9171	0.000257904	0	0	0	0	0	0
2	18	B	2	10.9171	0.000257904	0	0	0	0	0	0
2	18	A	3	10.8911	0.000292324	0	0	0	0	0	0
2	18	B	3	10.8911	0.000292324	0	0	0	0	0	0
2	18	A	4	10.7973	0.000339338	0	0	0	0	0	0
2	18	B	4	10.7973	0.000339338	0	0	0	0	0	0
2	19	A	1	11.0704	0.000221036	0	0	0	0	0	0
2	19	B	1	11.0704	0.000221036	0	0	0	0	0	0
2	19	A	2	10.5002	0.000250005	0	0	0	0	0	0
2	19	B	2	10.5002	0.000250005	0	0	0	0	0	0
2	19	A	3	10.4068	0.000275243	0	0	0	0	0	0
2	19	B	3	10.4068	0.000275243	0	0	0	0	0	0
2	19	A	4	10.3337	0.000311618	0	0	0	0	0	0
2	19	B	4	10.3337	0.000311618	0	0	0	0	0	0
2	20	A	1	11.6628	0.000210854	0	0	0	0	0	0
2	20	B	1	11.6628	0.000210854	0	0	0	0	0	0
2	20	A	2	10.9532	0.000231266	0	0	0	0	0	0
2	20	B	2	10.9532	0.000231266	0	0	0	0	0	0
2	20	A	3	10.8781	0.000265768	0	0	0	0	0	0
2	20	B	3	10.8781	0.000265768	0	0	0	0	0	0
2	20	A	4	10.6955	0.000308719	0	0	0	0	0	0
2	20	B	4	10.6955	0.000308719	0	0	0	0	0	0
2	21	A	1	11.8905	0.000319519	0	0	0	0	0	0
2	21	B	1	11.8905	0.000319519	0	0	0	0	0	0
2	21	A	2	11.4182	0.000297742	0	0	0	0	0	0
2	21	B	2	11.4182	0.000297742	0	0	0	0	0	0
2	21	A	3	11.3205	0.000343413	0	0	0	0	0	0
2	21	B	3	11.3205	0.000343413	0	0	0	0	0	0
2	21	A	4	11.2528	0.000510766	0	0	0	0	0	0
2	21	B	4	11.2528	0.000510766	0	0	0	0	0	0
2	22	A	1	11.9539	0.000218032	0	0	0	0	0	0
2	22	B	1	11.9539	0.000218032	0	0	0	0	0	0
2	22	A	2	11.3658	0.000235776	0	0	0	0	0	0
2	22	B	2	11.3658	0.000235776	0	0	0	0	0	0
2	22	A	3	11.2168	0.000264657	0	0	0	0	0	0
2	22	B	3	11.2168	0.000264657	0	0	0	0	0	0
2	22	A	4	11.0620	0.000322998	0	0	0	0	0	0
2	22	B	4	11.0620	0.000322998	0	0	0	0	0	0
2	23	A	1	11.6485	0.000223930	0	0	0	0	0	0
2	23	B	1	11.6485	0.000223930	0	0	0	0	0	0
2	23	A	2	11.0468	0.000241382	0	0	0	0	0	0
2	23	B	2	11.0468	0.000241382	0	0	0	0	0	0
2	23	A	3	10.8427	0.000267666	0	0	0	0	0	0
2	23	B	3	10.8427	0.000267666	0	0	0	0	0	0
2	23	A	4	10.6670	0.000321895	0	0	0	0	0	0
2	23	B	4	10.6670	0.000321895	0	0	0	0	0	0
2	24	A	1	11.9520	0.000216818	0	0	0	0	0	0
2	24	B	1	11.9520	0.000216818	0	0	0	0	0	0
2	24	A	2	11.2437	0.000237443	0	0	0	0	0	0
2	24	B	2	11.2437	0.000237443	0	0	0	0	0	0
2	24	A	3	11.0065	0.000266165	0	0	0	0	0	0
2	24	B	3	11.0065	0.000266165	0	0	0	0	0	0
2	24	A	4	10.9393	0.000322155	0	0	0	0	0	0
2	24	B	4	10.9393	0.000322155	0	0	0	0	0	0
2	25	A	1	11.6811	0.000208570	0	0	0	0	0	0
2	25	B	1	11.6811	0.000208570	0	0	0	0	0	0
2	25	A	2	11.0816	0.000220591	0	0	0	0	0	0
2	25	B	2	11.0816	0.000220591	0	0	0	0	0	0
2	25	A	3	10.8181	0.000247893	0	0	0	0	0	0
2	25	B	3	10.8181	0.000247893	0	0	0	0	0	0
2	25	A	4	10.6085	0.000294993	0	0	0	0	0	0
2	25	B	4	10.6085	0.000294993	0	0	0	0	0	0
2	26	A	1	11.6560	0.000210031	0	0	0	0	0	0
2	26	B	1	11.6560	0.000210031	0	0	0	0	0	0
2	26	A	2	10.9435	0.000229389	0	0	0	0	0	0
2	26	B	2	10.9435	0.000229389	0	0	0	0	0	0
2	26	A	3	11.1539	0.000251181	0	0	0	0	0	0
2	26	B	3	11.1539	0.000251181	0	0	0	0	0	0
2	26	A	4	10.8874	0.000316268	0	0	0	0	0	0
2	26	B	4	10.8874	0.000316268	0	0	0	0	0	0
2	27	A	1	11.7698	0.000233258	0	0	0	0	0	0
2	27	B	1	11.7698	0.000233258	0	0	0	0	0	0
2	27	A	2	11.1064	0.000242152	0	0	0	0	0	0
2	27	B	2	11.1064	0.000242152	0	0	0	0	0	0
2	27	A	3	10.8811	0.000263732	0	0	0	0	0	0
2	27	B	3	10.8811	0.000263732	0	0	0	0	0	0
2	27	A	4	10.7015	0.000309562	0	0	0	0	0	0
2	27	B	4	10.7015	0.000309562	0	0	0	0	0	0
2	28	A	1	11.8641	0.000228965	0	0	0	0	0	0
2	28	B	1	11.8641	0.000228965	0	0	0	0	0	0
2	28	A	2	11.1401	0.000262782	0	0	0	0	0	0
2	28	B	2	11.1401	0.000262782	0	0	0	0	0	0
2	28	A	3	11.2093	0.000281987	0	0	0	0	0	0
2	28	B	3	11.2093	0.000281987	0	0	0	0	0	0
2	28	A	4	11.0880	0.000337702	0	0	0	0	0	0
2	28	B	4	11.0880	0.000337702	0	0	0	0	0	0
2	29	A	1	11.6798	0.000194721	0	0	0	0	0	0
2	29	B	1	11.6798	0.000194721	0	0	0	0	0	0
2	29	A	2	10.8816	0.000214945	0	0	0	0	0	0
2	29	B	2	10.8816	0.000214945	0	0	0	0	0	0
2	29	A	3	10.6776	0.000242141	0	0	0	0	0	0
2	29	B	3	10.6776	0.000242141	0	0	0	0	0	0
2	29	A	4	10.7124	0.000287755	0	0	0	0	0	0
2	29	B	4	10.7124	0.000287755	0	0	0	0	0	0
2	30	A	1	11.3722	0.000201757	0	0	0	0	0	0
2	30	B	1	11.3722	0.000201757	0	0	0	0	0	0
2	30	A	2	10.7853	0.000228407	0	0	0	0	0	0
2	30	B	2	10.7853	0.000228407	0	0	0	0	0	0
2	30	A	3	10.6225	0.000259624	0	0	0	0	0	0
2	30	B	3	10.6225	0.000259624	0	0	0	0	0	0
2	30	A	4	10.4847	0.000297524	0	0	0	0	0	0
2	30	B	4	10.4847	0.000297524	0	0	0	0	0	0
2	31	A	1	11.2925	0.000221922	0	0	0	0	0	0
2	31	B	1	11.2925	0.000221922	0	0	0	0	0	0
2	31	A	2	10.6826	0.000262631	0	0	0	0	0	0
2	31	B	2	10.6826	0.000262631	0	0	0	0	0	0
2	31	A	3	10.5572	0.000277066	0	0	0	0	0	0
2	31	B	3	10.5572	0.000277066	0	0	0	0	0	0
2	31	A	4	10.4885	0.000316107	0	0	0	0	0	0
2	31	B	4	10.4885	0.000316107	0	0	0	0	0	0
2	32	A	1	11.2289	0.000215840	0	0	0	0	0	0
2	32	B	1	11.2289	0.000215840	0	0	0	0	0	0
2	32	A	2	10.4280	0.000242030	0	0	0	0	0	0
2	32	B	2	10.4280	0.000242030	0	0	0	0	0	0
2	32	A	3	10.4075	0.000289528	0	0	0	0	0	0
2	32	B	3	10.4075	0.000289528	0	0	0	0	0	0
2	32	A	4	10.2680	0.000314343	0	0	0	0	0	0
2	32	B	4	10.2680	0.000314343	0	0	0	0	0	0
2	33	A	1	11.3005	0.000232694	0	0	0	0	0	0
2	33	B	1	11.3005	0.000232694	0	0	0	0	0	0
2	33	A	2	10.7617	0.000265630	0	0	0	0	0	0
2	33	B	2	10.7617	0.000265630	0	0	0	0	0	0
2	33	A	3	10.5144	0.000292765	0	0	0	0	0	0
2	33	B	3	10.5144	0.000292765	0	0	0	0	0	0
2	33	A	4	10.4660	0.000354822	0	0	0	0	0	0
2	33	B	4	10.4660	0.000354822	0	0	0	0	0	0
2	34	A	1	11.4972	0.000214293	0	0	0	0	0	0
2	34	B	1	11.4972	0.000214293	0	0	0	0	0	0
2	34	A	2	10.8492	0.000239559	0	0	0	0	0	0
2	34	B	2	10.8492	0.000239559	0	0	0	0	0	0
2	34	A	3	10.7296	0.000277240	0	0	0	0	0	0
2	34	B	3	10.7296	0.000277240	0	0	0	0	0	0
2	34	A	4	10.6636	0.000316391	0	0	0	0	0	0
2	34	B	4	10.6636	0.000316391	0	0	0	0	0	0
2	35	A	1	11.2540	0.000227127	0	0	0	0	0	0
2	35	B	1	11.2540	0.000227127	0	0	0	0	0	0
2	35	A	2	10.6176	0.000238139	0	0	0	0	0	0
2	35	B	2	10.6176	0.000238139	0	0	0	0	0	0
2	35	A	3	10.4582	0.000263733	0	0	0	0	0	0
2	35	B	3	10.4582	0.000263733	0	0	0	0	0	0
2	35	A	4	10.3220	0.000354600	0	0	0	0	0	0
2	35	B	4	10.3220	0.000354600	0	0	0	0	0	0
2	36	A	1	11.5551	0.000216781	0	0	0	0	0	0
2	36	B	1	11.5551	0.000216781	0	0	0	0	0	0
2	36	A	2	10.9943	0.000236116	0	0	0	0	0	0
2	36	B	2	10.9943	0.000236116	0	0	0	0	0	0
2	36	A	3	10.8384	0.000268400	0	0	0	0	0	0
2	36	B	3	10.8384	0.000268400	0	0	0	0	0	0
2	36	A	4	10.7919	0.000318192	0	0	0	0	0	0
2	36	B	4	10.7919	0.000318192	0	0	0	0	0	0
2	37	A	1	11.7153	0.000222796	0	0	0	0	0	0
2	37	B	1	11.7153	0.000222796	0	0	0	0	0	0
2	37	A	2	11.0781	0.000241273	0	0	0	0	0	0
2	37	B	2	11.0781	0.000241273	0	0	0	0	0	0
2	37	A	3	11.0218	0.000265203	0	0	0	0	0	0
2	37	B	3	11.0218	0.000265203	0	0	0	0	0	0
2	37	A	4	10.8509	0.000317706	0	0	0	0	0	0
2	37	B	4	10.8509	0.000317706	0	0	0	0	0	0
2	38	A	1	11.4483	0.000227552	0	0	0	0	0	0
2	38	B	1	11.4483	0.000227552	0	0	0	0	0	0
2	38	A	2	10.8152	0.000255040	0	0	0	0	0	0
2	38	B	2	10.8152	0.000255040	0	0	0	0	0	0
2	38	A	3	11.1084	0.000281633	0	0	0	0	0	0
2	38	B	3	11.1084	0.000281633	0	0	0	0	0	0
2	38	A	4	10.8247	0.000329619	0	0	0	0	0	0
2	38	B	4	10.8247	0.000329619	0	0	0	0	0	0
2	39	A	1	11.7786	0.000244622	0	0	0	0	0	0
2	39	B	1	11.7786	0.000244622	0	0	0	0	0	0
2	39	A	2	11.1267	0.000275795	0	0	0	0	0	0
2	39	B	2	11.1267	0.000275795	0	0	0	0	0	0
2	39	A	3	11.0738	0.000300456	0	0	0	0	0	0
2	39	B	3	11.0738	0.000300456	0	0	0	0	0	0
2	39	A	4	10.9098	0.000354350	0	0	0	0	0	0
2	39	B	4	10.9098	0.000354350	0	0	0	0	0	0
2	40	A	1	11.6095	0.000217386	0	0	0	0	0	0
2	40	B	1	11.6095	0.000217386	0	0	0	0	0	0
2	40	A	2	10.8247	0.000236496	0	0	0	0	0	0
2	40	B	2	10.8247	0.000236496	0	0	0	0	0	0
2	40	A	3	10.9047	0.000261834	0	0	0	0	0	0
2	40	B	3	10.9047	0.000261834	0	0	0	0	0	0
2	40	A	4	10.6621	0.000311250	0	0	0	0	0	0
2	40	B	4	10.6621	0.000311250	0	0	0	0	0	0
2	41	A	1	11.7421	0.000233370	0	0	0	0	0	0
2	41	B	1	11.7421	0.000233370	0	0	0	0	0	0
2	41	A	2	11.2033	0.000257059	0	0	0	0	0	0
2	41	B	2	11.2033	0.000257059	0	0	0	0	0	0
2	41	A	3	11.0469	0.000287782	0	0	0	0	0	0
2	41	B	3	11.0469	0.000287782	0	0	0	0	0	0
2	41	A	4	11.0335	0.000338437	0	0	0	0	0	0
2	41	B	4	11.0335	0.000338437	0	0	0	0	0	0
2	42	A	1	11.8204	0.000236797	0	0	0	0	0	0
2	42	B	1	11.8204	0.000236797	0	0	0	0	0	0
2	42	A	2	11.2484	0.000271318	0	0	0	0	0	0
2	42	B	2	11.2484	0.000271318	0	0	0	0	0	0
2	42	A	3	11.3367	0.000319880	0	0	0	0	0	0
2	42	B	3	11.3367	0.000319880	0	0	0	0	0	0
2	42	A	4	11.2566	0.000362913	0	0	0	0	0	0
2	42	B	4	11.2566	0.000362913	0	0	0	0	0	0
2	43	A	1	11.3541	0.000227795	0	0	0	0	0	0
2	43	B	1	11.3541	0.000227795	0	0	0	0	0	0
2	43	A	2	10.7268	0.000280911	0	0	0	0	0	0
2	43	B	2	10.7268	0.000280911	0	0	0	0	0	0
2	43	A	3	10.5487	0.000286650	0	0	0	0	0	0
2	43	B	3	10.5487	0.000286650	0	0	0	0	0	0
2	43	A	4	10.6487	0.000324727	0	0	0	0	0	0
2	43	B	4	10.6487	0.000324727	0	0	0	0	0	0
2	44	A	1	11.4017	0.000237637	0	0	0	0	0	0
2	44	B	1	11.4017	0.000237637	0	0	0	0	0	0
2	44	A	2	10.8006	0.000258487	0	0	0	0	0	0
2	44	B	2	10.8006	0.000258487	0	0	0	0	0	0
2	44	A	3	10.8608	0.000301560	0	0	0	0	0	0
2	44	B	3	10.8608	0.000301560	0	0	0	0	0	0
2	44	A	4	10.8315	0.000343438	0	0	0	0	0	0
2	44	B	4	10.8315	0.000343438	0	0	0	0	0	0
2	45	A	1	11.5056	0.000234558	0	0	0	0	0	0
2	45	B	1	11.5056	0.000234558	0	0	0	0	0	0
2	45	A	2	10.8669	0.000249541	0	0	0	0	0	0
2	45	B	2	10.8669	0.000249541	0	0	0	0	0	0
2	45	A	3	10.8328	0.000295957	0	0	0	0	0	0
2	45	B	3	10.8328	0.000295957	0	0	0	0	0	0
2	45	A	4	10.8326	0.000362182	0	0	0	0	0	0
2	45	B	4	10.8326	0.000362182	0	0	0	0	0	0
2	46	A	1	11.5438	0.000233568	0	0	0	0	0	0
2	46	B	1	11.5438	0.000233568	0	0	0	0	0	0
2	46	A	2	10.9477	0.000264730	0	0	0	0	0	0
2	46	B	2	10.9477	0.000264730	0	0	0	0	0	0
2	46	A	3	10.9054	0.000303379	0	0	0	0	0	0
2	46	B	3	10.9054	0.000303379	0	0	0	0	0	0
2	46	A	4	10.7983	0.000346959	0	0	0	0	0	0
2	46	B	4	10.7983	0.000346959	0	0	0	0	0	0
2	47	A	1	11.3505	0.000237952	0	0	0	0	0	0
2	47	B	1	11.3505	0.000237952	0	0	0	0	0	0
2	47	A	2	10.8057	0.000283260	0	0	0	0	0	0
2	47	B	2	10.8057	0.000283260	0	0	0	0	0	0
2	47	A	3	10.7145	0.000300898	0	0	0	0	0	0
2	47	B	3	10.7145	0.000300898	0	0	0	0	0	0
2	47	A	4	10.6047	0.000344793	0	0	0	0	0	0
2	47	B	4	10.6047	0.000344793	0	0	0	0	0	0
2	48	A	1	11.7126	0.000231583	0	0	0	0	0	0
2	48	B	1	11.7126	0.000231583	0	0	0	0	0	0
2	48	A	2	11.0173	0.000263277	0	0	0	0	0	0
2	48	B	2	11.0173	0.000263277	0	0	0	0	0	0
2	48	A	3	11.0136	0.000296060	0	0	0	0	0	0
2	48	B	3	11.0136	0.000296060	0	0	0	0	0	0
2	48	A	4	10.8264	0.000356502	0	0	0	0	0	0
2	48	B	4	10.8264	0.000356502	0	0	0	0	0	0
3	1	A	1	11.7155	0.000295459	0	0	0	0	0	0
3	1	B	1	11.7155	0.000295459	0	0	0	0	0	0
3	1	A	2	11.1626	0.000317425	0	0	0	0	0	0
3	1	B	2	11.1626	0.000317425	0	0	0	0	0	0
3	1	A	3	10.8229	0.000352932	0	0	0	0	0	0
3	1	B	3	10.8229	0.000352932	0	0	0	0	0	0
3	1	A	4	10.5648	0.000397772	0	0	0	0	0	0
3	1	B	4	10.5648	0.000397772	0	0	0	0	0	0
3	2	A	1	11.7014	0.000276180	0	0	0	0	0	0
3	2	B	1	11.7014	0.000276180	0	0	0	0	0	0
3	2	A	2	11.1258	0.000293140	0	0	0	0	0	0
3	2	B	2	11.1258	0.000293140	0	0	0	0	0	0
3	2	A	3	11.1968	0.000325330	0	0	0	0	0	0
3	2	B	3	11.1968	0.000325330	0	0	0	0	0	0
3	2	A	4	10.6763	0.000348692	0	0	0	0	0	0
3	2	B	4	10.6763	0.000348692	0	0	0	0	0	0
3	3	A	1	11.7467	0.000305897	0	0	0	0	0	0
3	3	B	1	11.7467	0.000305897	0	0	0	0	0	0
3	3	A	2	11.1727	0.000304813	0	0	0	0	0	0
3	3	B	2	11.1727	0.000304813	0	0	0	0	0	0
3	3	A	3	10.9843	0.000354189	0	0	0	0	0	0
3	3	B	3	10.9843	0.000354189	0	0	0	0	0	0
3	3	A	4	10.6495	0.000365906	0	0	0	0	0	0
3	3	B	4	10.6495	0.000365906	0	0	0	0	0	0
3	4	A	1	11.9417	0.000282649	0	0	0	0	0	0
3	4	B	1	11.9417	0.000282649	0	0	0	0	0	0
3	4	A	2	11.2953	0.000293064	0	0	0	0	0	0
3	4	B	2	11.2953	0.000293064	0	0	0	0	0	0
3	4	A	3	11.0295	0.000323880	0	0	0	0	0	0
3	4	B	3	11.0295	0.000323880	0	0	0	0	0	0
3	4	A	4	10.6429	0.000365946	0	0	0	0	0	0
3	4	B	4	10.6429	0.000365946	0	0	0	0	0	0
3	5	A	1	11.8209	0.000341534	0	0	0	0	0	0
3	5	B	1	11.8209	0.000341534	0	0	0	0	0	0
3	5	A	2	11.1496	0.000342834	0	0	0	0	0	0
3	5	B	2	11.1496	0.000342834	0	0	0	0	0	0
3	5	A	3	10.8770	0.000382357	0	0	0	0	0	0
3	5	B	3	10.8770	0.000382357	0	0	0	0	0	0
3	5	A	4	10.9157	0.000447076	0	0	0	0	0	0
3	5	B	4	10.9157	0.000447076	0	0	0	0	0	0
3	6	A	1	11.6678	0.000340687	0	0	0	0	0	0
3	6	B	1	11.6678	0.000340687	0	0	0	0	0	0
3	6	A	2	11.0746	0.000377522	0	0	0	0	0	0
3	6	B	2	11.0746	0.000377522	0	0	0	0	0	0
3	6	A	3	10.7919	0.000398990	0	0	0	0	0	0
3	6	B	3	10.7919	0.000398990	0	0	0	0	0	0
3	6	A	4	10.7070	0.000460709	0	0	0	0	0	0
3	6	B	4	10.7070	0.000460709	0	0	0	0	0	0
3	7	A	1	11.3099	0.000355115	0	0	0	0	0	0
3	7	B	1	11.3099	0.000355115	0	0	0	0	0	0
3	7	A	2	10.8406	0.000363652	0	0	0	0	0	0
3	7	B	2	10.8406	0.000363652	0	0	0	0	0	0
3	7	A	3	10.6063	0.000381321	0	0	0	0	0	0
3	7	B	3	10.6063	0.000381321	0	0	0	0	0	0
3	7	A	4	10.5118	0.000451898	0	0	0	0	0	0
3	7	B	4	10.5118	0.000451898	0	0	0	0	0	0
3	8	A	1	11.6638	0.000297314	0	0	0	0	0	0
3	8	B	1	11.6638	0.000297314	0	0	0	0	0	0
3	8	A	2	10.9288	0.000315973	0	0	0	0	0	0
3	8	B	2	10.9288	0.000315973	0	0	0	0	0	0
3	8	A	3	10.8597	0.000368896	0	0	0	0	0	0
3	8	B	3	10.8597	0.000368896	0	0	0	0	0	0
3	8	A	4	10.7794	0.000399851	0	0	0	0	0	0
3	8	B	4	10.7794	0.000399851	0	0	0	0	0	0
3	9	A	1	11.8498	0.000308749	0	0	0	0	0	0
3	9	B	1	11.8498	0.000308749	0	0	0	0	0	0
3	9	A	2	11.0639	0.000318144	0	0	0	0	0	0
3	9	B	2	11.0639	0.000318144	0	0	0	0	0	0
3	9	A	3	10.7621	0.000360091	0	0	0	0	0	0
3	9	B	3	10.7621	0.000360091	0	0	0	0	0	0
3	9	A	4	10.6349	0.000404925	0	0	0	0	0	0
3	9	B	4	10.6349	0.000404925	0	0	0	0	0	0
3	10	A	1	11.8302	0.000322962	0	0	0	0	0	0
3	10	B	1	11.8302	0.000322962	0	0	0	0	0	0
3	10	A	2	11.2594	0.000344728	0	0	0	0	0	0
3	10	B	2	11.2594	0.000344728	0	0	0	0	0	0
3	10	A	3	11.1298	0.000360615	0	0	0	0	0	0
3	10	B	3	11.1298	0.000360615	0	0	0	0	0	0
3	10	A	4	10.9962	0.000438526	0	0	0	0	0	0
3	10	B	4	10.9962	0.000438526	0	0	0	0	0	0
3	11	A	1	11.4474	0.000300762	0	0	0	0	0	0
3	11	B	1	11.4474	0.000300762	0	0	0	0	0	0
3	11	A	2	10.9300	0.000308177	0	0	0	0	0	0
3	11	B	2	10.9300	0.000308177	0	0	0	0	0	0
3	11	A	3	10.8714	0.000348511	0	0	0	0	0	0
3	11	B	3	10.8714	0.000348511	0	0	0	0	0	0
3	11	A	4	10.5001	0.000374689	0	0	0	0	0	0
3	11	B	4	10.5001	0.000374689	0	0	0	0	0	0
3	12	A	1	11.6563	0.000287721	0	0	0	0	0	0
3	12	B	1	11.6563	0.000287721	0	0	0	0	0	0
3	12	A	2	10.9913	0.000306563	0	0	0	0	0	0
3	12	B	2	10.9913	0.000306563	0	0	0	0	0	0
3	12	A	3	10.6686	0.000344529	0	0	0	0	0	0
3	12	B	3	10.6686	0.000344529	0	0	0	0	0	0
3	12	A	4	10.4893	0.000382084	0	0	0	0	0	0
3	12	B	4	10.4893	0.000382084	0	0	0	0	0	0
3	13	A	1	11.6888	0.000296644	0	0	0	0	0	0
3	13	B	1	11.6888	0.000296644	0	0	0	0	0	0
3	13	A	2	11.1574	0.000310682	0	0	0	0	0	0
3	13	B	2	11.1574	0.000310682	0	0	0	0	0	0
3	13	A	3	11.2338	0.000345602	0	0	0	0	0	0
3	13	B	3	11.2338	0.000345602	0	0	0	0	0	0
3	13	A	4	10.7591	0.000391685	0	0	0	0	0	0
3	13	B	4	10.7591	0.000391685	0	0	0	0	0	0
3	14	A	1	11.5876	0.000310887	0	0	0	0	0	0
3	14	B	1	11.5876	0.000310887	0	0	0	0	0	0
3	14	A	2	10.8630	0.000366832	0	0	0	0	0	0
3	14	B	2	10.8630	0.000366832	0	0	0	0	0	0
3	14	A	3	11.4244	0.000370107	0	0	0	0	0	0
3	14	B	3	11.4244	0.000370107	0	0	0	0	0	0
3	14	A	4	11.0956	0.000437227	0	0	0	0	0	0
3	14	B	4	11.0956	0.000437227	0	0	0	0	0	0
3	15	A	1	11.9913	0.000280400	0	0	0	0	0	0
3	15	B	1	11.9913	0.000280400	0	0	0	0	0	0
3	15	A	2	11.3187	0.000309853	0	0	0	0	0	0
3	15	B	2	11.3187	0.000309853	0	0	0	0	0	0
3	15	A	3	11.1598	0.000365790	0	0	0	0	0	0
3	15	B	3	11.1598	0.000365790	0	0	0	0	0	0
3	15	A	4	10.9764	0.000391995	0	0	0	0	0	0
3	15	B	4	10.9764	0.000391995	0	0	0	0	0	0
3	16	A	1	11.7533	0.000285088	0	0	0	0	0	0
3	16	B	1	11.7533	0.000285088	0	0	0	0	0	0
3	16	A	2	10.9896	0.000313776	0	0	0	0	0	0
3	16	B	2	10.9896	0.000313776	0	0	0	0	0	0
3	16	A	3	11.1670	0.000331303	0	0	0	0	0	0
3	16	B	3	11.1670	0.000331303	0	0	0	0	0	0
3	16	A	4	10.7045	0.000371272	0	0	0	0	0	0
3	16	B	4	10.7045	0.000371272	0	0	0	0	0	0
3	17	A	1	11.8389	0.000296871	0	0	0	0	0	0
3	17	B	1	11.8389	0.000296871	0	0	0	0	0	0
3	17	A	2	11.1782	0.000324279	0	0	0	0	0	0
3	17	B	2	11.1782	0.000324279	0	0	0	0	0	0
3	17	A	3	11.0000	0.000364135	0	0	0	0	0	0
3	17	B	3	11.0000	0.000364135	0	0	0	0	0	0
3	17	A	4	10.8228	0.000407472	0	0	0	0	0	0
3	17	B	4	10.8228	0.000407472	0	0	0	0	0	0
3	18	A	1	11.7904	0.000345723	0	0	0	0	0	0
3	18	B	1	11.7904	0.000345723	0	0	0	0	0	0
3	18	A	2	11.2387	0.000371049	0	0	0	0	0	0
3	18	B	2	11.2387	0.000371049	0	0	0	0	0	0
3	18	A	3	11.1353	0.000402290	0	0	0	0	0	0
3	18	B	3	11.1353	0.000402290	0	0	0	0	0	0
3	18	A	4	11.0246	0.000467332	0	0	0	0	0	0
3	18	B	4	11.0246	0.000467332	0	0	0	0	0	0
3	19	A	1	11.3629	0.000345896	0	0	0	0	0	0
3	19	B	1	11.3629	0.000345896	0	0	0	0	0	0
3	19	A	2	10.6929	0.000388390	0	0	0	0	0	0
3	19	B	2	10.6929	0.000388390	0	0	0	0	0	0
3	19	A	3	10.4908	0.000401347	0	0	0	0	0	0
3	19	B	3	10.4908	0.000401347	0	0	0	0	0	0
3	19	A	4	10.4720	0.000548750	0	0	0	0	0	0
3	19	B	4	10.4720	0.000548750	0	0	0	0	0	0
3	20	A	1	11.6019	0.000294472	0	0	0	0	0	0
3	20	B	1	11.6019	0.000294472	0	0	0	0	0	0
3	20	A	2	11.1439	0.000307263	0	0	0	0	0	0
3	20	B	2	11.1439	0.000307263	0	0	0	0	0	0
3	20	A	3	11.0129	0.000336435	0	0	0	0	0	0
3	20	B	3	11.0129	0.000336435	0	0	0	0	0	0
3	20	A	4	10.9328	0.000397267	0	0	0	0	0	0
3	20	B	4	10.9328	0.000397267	0	0	0	0	0	0
3	21	A	1	11.6863	0.000350960	0	0	0	0	0	0
3	21	B	1	11.6863	0.000350960	0	0	0	0	0	0
3	21	A	2	11.2305	0.000353579	0	0	0	0	0	0
3	21	B	2	11.2305	0.000353579	0	0	0	0	0	0
3	21	A	3	11.1648	0.000365208	0	0	0	0	0	0
3	21	B	3	11.1648	0.000365208	0	0	0	0	0	0
3	21	A	4	10.9438	0.000419892	0	0	0	0	0	0
3	21	B	4	10.9438	0.000419892	0	0	0	0	0	0
3	22	A	1	12.0214	0.000287809	0	0	0	0	0	0
3	22	B	1	12.0214	0.000287809	0	0	0	0	0	0
3	22	A	2	11.1883	0.000455824	0	0	0	0	0	0
3	22	B	2	11.1883	0.000455824	0	0	0	0	0	0
3	22	A	3	11.0763	0.000343161	0	0	0	0	0	0
3	22	B	3	11.0763	0.000343161	0	0	0	0	0	0
3	22	A	4	10.8844	0.000406213	0	0	0	0	0	0
3	22	B	4	10.8844	0.000406213	0	0	0	0	0	0
3	23	A	1	11.8197	0.000317792	0	0	0	0	0	0
3	23	B	1	11.8197	0.000317792	0	0	0	0	0	0
3	23	A	2	11.2564	0.000331647	0	0	0	0	0	0
3	23	B	2	11.2564	0.000331647	0	0	0	0	0	0
3	23	A	3	10.8712	0.000338359	0	0	0	0	0	0
3	23	B	3	10.8712	0.000338359	0	0	0	0	0	0
3	23	A	4	10.7051	0.000424612	0	0	0	0	0	0
3	23	B	4	10.7051	0.000424612	0	0	0	0	0	0
3	24	A	1	11.8054	0.000341083	0	0	0	0	0	0
3	24	B	1	11.8054	0.000341083	0	0	0	0	0	0
3	24	A	2	11.2362	0.000332953	0	0	0	0	0	0
3	24	B	2	11.2362	0.000332953	0	0	0	0	0	0
3	24	A	3	11.0889	0.000367851	0	0	0	0	0	0
3	24	B	3	11.0889	0.000367851	0	0	0	0	0	0
3	24	A	4	10.8982	0.000410474	0	0	0	0	0	0
3	24	B	4	10.8982	0.000410474	0	0	0	0	0	0
3	25	A	1	11.8756	0.000292707	0	0	0	0	0	0
3	25	B	1	11.8756	0.000292707	0	0	0	0	0	0
3	25	A	2	11.2366	0.000298898	0	0	0	0	0	0
3	25	B	2	11.2366	0.000298898	0	0	0	0	0	0
3	25	A	3	10.9613	0.000335533	0	0	0	0	0	0
3	25	B	3	10.9613	0.000335533	0	0	0	0	0	0
3	25	A	4	10.6306	0.000380188	0	0	0	0	0	0
3	25	B	4	10.6306	0.000380188	0	0	0	0	0	0
3	26	A	1	11.4661	0.000303535	0	0	0	0	0	0
3	26	B	1	11.4661	0.000303535	0	0	0	0	0	0
3	26	A	2	10.7282	0.000346598	0	0	0	0	0	0
3	26	B	2	10.7282	0.000346598	0	0	0	0	0	0
3	26	A	3	11.0352	0.000348692	0	0	0	0	0	0
3	26	B	3	11.0352	0.000348692	0	0	0	0	0	0
3	26	A	4	10.6830	0.000397446	0	0	0	0	0	0
3	26	B	4	10.6830	0.000397446	0	0	0	0	0	0
3	27	A	1	11.5253	0.000308764	0	0	0	0	0	0
3	27	B	1	11.5253	0.000308764	0	0	0	0	0	0
3	27	A	2	10.8639	0.000348798	0	0	0	0	0	0
3	27	B	2	10.8639	0.000348798	0	0	0	0	0	0
3	27	A	3	10.7413	0.000367718	0	0	0	0	0	0
3	27	B	3	10.7413	0.000367718	0	0	0	0	0	0
3	27	A	4	10.5091	0.000408600	0	0	0	0	0	0
3	27	B	4	10.5091	0.000408600	0	0	0	0	0	0
3	28	A	1	11.8365	0.000303261	0	0	0	0	0	0
3	28	B	1	11.8365	0.000303261	0	0	0	0	0	0
3	28	A	2	10.9800	0.000308257	0	0	0	0	0	0
3	28	B	2	10.9800	0.000308257	0	0	0	0	0	0
3	28	A	3	10.7908	0.000331380	0	0	0	0	0	0
3	28	B	3	10.7908	0.000331380	0	0	0	0	0	0
3	28	A	4	10.5138	0.000383377	0	0	0	0	0	0
3	28	B	4	10.5138	0.000383377	0	0	0	0	0	0
3	29	A	1	11.7144	0.000343737	0	0	0	0	0	0
3	29	B	1	11.7144	0.000343737	0	0	0	0	0	0
3	29	A	2	10.9506	0.000337539	0	0	0	0	0	0
3	29	B	2	10.9506	0.000337539	0	0	0	0	0	0
3	29	A	3	10.7255	0.000333492	0	0	0	0	0	0
3	29	B	3	10.7255	0.000333492	0	0	0	0	0	0
3	29	A	4	10.5809	0.000376193	0	0	0	0	0	0
3	29	B	4	10.5809	0.000376193	0	0	0	0	0	0
3	30	A	1	11.8917	0.000346306	0	0	0	0	0	0
3	30	B	1	11.8917	0.000346306	0	0	0	0	0	0
3	30	A	2	11.2507	0.000359833	0	0	0	0	0	0
3	30	B	2	11.2507	0.000359833	0	0	0	0	0	0
3	30	A	3	10.9224	0.000415846	0	0	0	0	0	0
3	30	B	3	10.9224	0.000415846	0	0	0	0	0	0
3	30	A	4	10.5851	0.000421683	0	0	0	0	0	0
3	30	B	4	10.5851	0.000421683	0	0	0	0	0	0
3	31	A	1	11.1765	0.000366446	0	0	0	0	0	0
3	31	B	1	11.1765	0.000366446	0	0	0	0	0	0
3	31	A	2	10.5176	0.000391680	0	0	0	0	0	0
3	31	B	2	10.5176	0.000391680	0	0	0	0	0	0
3	31	A	3	10.3992	0.000407737	0	0	0	0	0	0
3	31	B	3	10.3992	0.000407737	0	0	0	0	0	0
3	31	A	4	10.2493	0.000400021	0	0	0	0	0	0
3	31	B	4	10.2493	0.000400021	0	0	0	0	0	0
3	32	A	1	11.5766	0.000304250	0	0	0	0	0	0
3	32	B	1	11.5766	0.000304250	0	0	0	0	0	0
3	32	A	2	10.9619	0.000330634	0	0	0	0	0	0
3	32	B	2	10.9619	0.000330634	0	0	0	0	0	0
3	32	A	3	10.8130	0.000389932	0	0	0	0	0	0
3	32	B	3	10.8130	0.000389932	0	0	0	0	0	0
3	32	A	4	10.5548	0.000402882	0	0	0	0	0	0
3	32	B	4	10.5548	0.000402882	0	0	0	0	0	0
3	33	A	1	11.3454	0.000305428	0	0	0	0	0	0
3	33	B	1	11.3454	0.000305428	0	0	0	0	0	0
3	33	A	2	10.7498	0.000325609	0	0	0	0	0	0
3	33	B	2	10.7498	0.000325609	0	0	0	0	0	0
3	33	A	3	10.6527	0.000380664	0	0	0	0	0	0
3	33	B	3	10.6527	0.000380664	0	0	0	0	0	0
3	33	A	4	10.3830	0.000386456	0	0	0	0	0	0
3	33	B	4	10.3830	0.000386456	0	0	0	0	0	0
3	34	A	1	11.6652	0.000302902	0	0	0	0	0	0
3	34	B	1	11.6652	0.000302902	0	0	0	0	0	0
3	34	A	2	11.0241	0.000325186	0	0	0	0	0	0
3	34	B	2	11.0241	0.000325186	0	0	0	0	0	0
3	34	A	3	10.9394	0.000351977	0	0	0	0	0	0
3	34	B	3	10.9394	0.000351977	0	0	0	0	0	0
3	34	A	4	10.7340	0.000455960	0	0	0	0	0	0
3	34	B	4	10.7340	0.000455960	0	0	0	0	0	0
3	35	A	1	11.6886	0.000334091	0	0	0	0	0	0
3	35	B	1	11.6886	0.000334091	0	0	0	0	0	0
3	35	A	2	11.0213	0.000331284	0	0	0	0	0	0
3	35	B	2	11.0213	0.000331284	0	0	0	0	0	0
3	35	A	3	10.8785	0.000387902	0	0	0	0	0	0
3	35	B	3	10.8785	0.000387902	0	0	0	0	0	0
3	35	A	4	10.6803	0.000413212	0	0	0	0	0	0
3	35	B	4	10.6803	0.000413212	0	0	0	0	0	0
3	36	A	1	11.6614	0.000312681	0	0	0	0	0	0
3	36	B	1	11.6614	0.000312681	0	0	0	0	0	0
3	36	A	2	10.9829	0.000341217	0	0	0	0	0	0
3	36	B	2	10.9829	0.000341217	0	0	0	0	0	0
3	36	A	3	10.7174	0.000363460	0	0	0	0	0	0
3	36	B	3	10.7174	0.000363460	0	0	0	0	0	0
3	36	A	4	10.5594	0.000431786	0	0	0	0	0	0
3	36	B	4	10.5594	0.000431786	0	0	0	0	0	0
3	37	A	1	11.7072	0.000291657	0	0	0	0	0	0
3	37	B	1	11.7072	0.000291657	0	0	0	0	0	0
3	37	A	2	10.9798	0.000333744	0	0	0	0	0	0
3	37	B	2	10.9798	0.000333744	0	0	0	0	0	0
3	37	A	3	10.8071	0.000370748	0	0	0	0	0	0
3	37	B	3	10.8071	0.000370748	0	0	0	0	0	0
3	37	A	4	10.6545	0.000415291	0	0	0	0	0	0
3	37	B	4	10.6545	0.000415291	0	0	0	0	0	0
3	38	A	1	11.5015	0.000280158	0	0	0	0	0	0
3	38	B	1	11.5015	0.000280158	0	0	0	0	0	0
3	38	A	2	10.8842	0.000317214	0	0	0	0	0	0
3	38	B	2	10.8842	0.000317214	0	0	0	0	0	0
3	38	A	3	11.1018	0.000327352	0	0	0	0	0	0
3	38	B	3	11.1018	0.000327352	0	0	0	0	0	0
3	38	A	4	10.7167	0.000383817	0	0	0	0	0	0
3	38	B	4	10.7167	0.000383817	0	0	0	0	0	0
3	39	A	1	11.5071	0.000273315	0	0	0	0	0	0
3	39	B	1	11.5071	0.000273315	0	0	0	0	0	0
3	39	A	2	10.7401	0.000291294	0	0	0	0	0	0
3	39	B	2	10.7401	0.000291294	0	0	0	0	0	0
3	39	A	3	10.6310	0.000351383	0	0	0	0	0	0
3	39	B	3	10.6310	0.000351383	0	0	0	0	0	0
3	39	A	4	10.3662	0.000419191	0	0	0	0	0	0
3	39	B	4	10.3662	0.000419191	0	0	0	0	0	0
3	40	A	1	11.8895	0.000269381	0	0	0	0	0	0
3	40	B	1	11.8895	0.000269381	0	0	0	0	0	0
3	40	A	2	11.0112	0.000292750	0	0	0	0	0	0
3	40	B	2	11.0112	0.000292750	0	0	0	0	0	0
3	40	A	3	11.0173	0.000308547	0	0	0	0	0	0
3	40	B	3	11.0173	0.000308547	0	0	0	0	0	0
3	40	A	4	10.6252	0.000374412	0	0	0	0	0	0
3	40	B	4	10.6252	0.000374412	0	0	0	0	0	0
3	41	A	1	11.5222	0.000282740	0	0	0	0	0	0
3	41	B	1	11.5222	0.000282740	0	0	0	0	0	0
3	41	A	2	11.0359	0.000314273	0	0	0	0	0	0
3	41	B	2	11.0359	0.000314273	0	0	0	0	0	0
3	41	A	3	10.9416	0.000367899	0	0	0	0	0	0
3	41	B	3	10.9416	0.000367899	0	0	0	0	0	0
3	41	A	4	10.8229	0.000416231	0	0	0	0	0	0
3	41	B	4	10.8229	0.000416231	0	0	0	0	0	0
3	42	A	1	11.6356	0.000341277	0	0	0	0	0	0
3	42	B	1	11.6356	0.000341277	0	0	0	0	0	0
3	42	A	2	11.1558	0.000361110	0	0	0	0	0	0
3	42	B	2	11.1558	0.000361110	0	0	0	0	0	0
3	42	A	3	10.8517	0.000397132	0	0	0	0	0	0
3	42	B	3	10.8517	0.000397132	0	0	0	0	0	0
3	42	A	4	10.8831	0.000442504	0	0	0	0	0	0
3	42	B	4	10.8831	0.000442504	0	0	0	0	0	0
3	43	A	1	11.8385	0.000297650	0	0	0	0	0	0
3	43	B	1	11.8385	0.000297650	0	0	0	0	0	0
3	43	A	2	11.1637	0.000315544	0	0	0	0	0	0
3	43	B	2	11.1637	0.000315544	0	0	0	0	0	0
3	43	A	3	10.8990	0.000333373	0	0	0	0	0	0
3	43	B	3	10.8990	0.000333373	0	0	0	0	0	0
3	43	A	4	10.7324	0.000381874	0	0	0	0	0	0
3	43	B	4	10.7324	0.000381874	0	0	0	0	0	0
3	44	A	1	11.7724	0.000294869	0	0	0	0	0	0
3	44	B	1	11.7724	0.000294869	0	0	0	0	0	0
3	44	A	2	11.1439	0.000310056	0	0	0	0	0	0
3	44	B	2	11.1439	0.000310056	0	0	0	0	0	0
3	44	A	3	11.0265	0.000344876	0	0	0	0	0	0
3	44	B	3	11.0265	0.000344876	0	0	0	0	0	0
3	44	A	4	10.9492	0.000382796	0	0	0	0	0	0
3	44	B	4	10.9492	0.000382796	0	0	0	0	0	0
3	45	A	1	11.5716	0.000301485	0	0	0	0	0	0
3	45	B	1	11.5716	0.000301485	0	0	0	0	0	0
3	45	A	2	10.7103	0.000308333	0	0	0	0	0	0
3	45	B	2	10.7103	0.000308333	0	0	0	0	0	0
3	45	A	3	10.6346	0.000342418	0	0	0	0	0	0
3	45	B	3	10.6346	0.000342418	0	0	0	0	0	0
3	45	A	4	10.4112	0.000438968	0	0	0	0	0	0
3	45	B	4	10.4112	0.000438968	0	0	0	0	0	0
3	46	A	1	11.8730	0.000277416	0	0	0	0	0	0
3	46	B	1	11.8730	0.000277416	0	0	0	0	0	0
3	46	A	2	11.1739	0.000290496	0	0	0	0	0	0
3	46	B	2	11.1739	0.000290496	0	0	0	0	0	0
3	46	A	3	11.0190	0.000339712	0	0	0	0	0	0
3	46	B	3	11.0190	0.000339712	0	0	0	0	0	0
3	46	A	4	10.6753	0.000375218	0	0	0	0	0	0
3	46	B	4	10.6753	0.000375218	0	0	0	0	0	0
3	47	A	1	11.7437	0.000280894	0	0	0	0	0	0
3	47	B	1	11.7437	0.000280894	0	0	0	0	0	0
3	47	A	2	11.2095	0.000306824	0	0	0	0	0	0
3	47	B	2	11.2095	0.000306824	0	0	0	0	0	0
3	47	A	3	10.9874	0.000339462	0	0	0	0	0	0
3	47	B	3	10.9874	0.000339462	0	0	0	0	0	0
3	47	A	4	10.6337	0.000379823	0	0	0	0	0	0
3	47	B	4	10.6337	0.000379823	0	0	0	0	0	0
3	48	A	1	11.8525	0.000297422	0	0	0	0	0	0
3	48	B	1	11.8525	0.000297422	0	0	0	0	0	0
3	48	A	2	11.1539	0.000301583	0	0	0	0	0	0
3	48	B	2	11.1539	0.000301583	0	0	0	0	0	0
3	48	A	3	11.0474	0.000329939	0	0	0	0	0	0
3	48	B	3	11.0474	0.000329939	0	0	0	0	0	0
3	48	A	4	10.7521	0.000376959	0	0	0	0	0	0
3	48	B	4	10.7521	0.000376959	0	0	0	0	0	0
3	49	A	1	11.6367	0.000298293	0	0	0	0	0	0
3	49	B	1	11.6367	0.000298293	0	0	0	0	0	0
3	49	A	2	11.0781	0.000311157	0	0	0	0	0	0
3	49	B	2	11.0781	0.000311157	0	0	0	0	0	0
3	49	A	3	10.7520	0.000333694	0	0	0	0	0	0
3	49	B	3	10.7520	0.000333694	0	0	0	0	0	0
3	49	A	4	10.3990	0.000374335	0	0	0	0	0	0
3	49	B	4	10.3990	0.000374335	0	0	0	0	0	0
3	50	A	1	11.5540	0.000313929	0	0	0	0	0	0
3	50	B	1	11.5540	0.000313929	0	0	0	0	0	0
3	50	A	2	10.9605	0.000405909	0	0	0	0	0	0
3	50	B	2	10.9605	0.000405909	0	0	0	0	0	0
3	50	A	3	11.5223	0.000530826	0	0	0	0	0	0
3	50	B	3	11.5223	0.000530826	0	0	0	0	0	0
3	50	A	4	11.3159	0.000540570	0	0	0	0	0	0
3	50	B	4	11.3159	0.000540570	0	0	0	0	0	0
3	51	A	1	11.4046	0.000312907	0	0	0	0	0	0
3	51	B	1	11.4046	0.000312907	0	0	0	0	0	0
3	51	A	2	10.7640	0.000344398	0	0	0	0	0	0
3	51	B	2	10.7640	0.000344398	0	0	0	0	0	0
3	51	A	3	10.4786	0.000334536	0	0	0	0	0	0
3	51	B	3	10.4786	0.000334536	0	0	0	0	0	0
3	51	A	4	10.3251	0.000438836	0	0	0	0	0	0
3	51	B	4	10.3251	0.000438836	0	0	0	0	0	0
3	52	A	1	11.2396	0.000324003	0	0	0	0	0	0
3	52	B	1	11.2396	0.000324003	0	0	0	0	0	0
3	52	A	2	10.5413	0.000329546	0	0	0	0	0	0
3	52	B	2	10.5413	0.000329546	0	0	0	0	0	0
3	52	A	3	10.5299	0.000358489	0	0	0	0	0	0
3	52	B	3	10.5299	0.000358489	0	0	0	0	0	0
3	52	A	4	10.2374	0.000385533	0	0	0	0	0	0
3	52	B	4	10.2374	0.000385533	0	0	0	0	0	0
3	53	A	1	11.4554	0.000300925	0	0	0	0	0	0
3	53	B	1	11.4554	0.000300925	0	0	0	0	0	0
3	53	A	2	10.9385	0.000321049	0	0	0	0	0	0
3	53	B	2	10.9385	0.000321049	0	0	0	0	0	0
3	53	A	3	10.5608	0.000349820	0	0	0	0	0	0
3	53	B	3	10.5608	0.000349820	0	0	0	0	0	0
3	53	A	4	10.4171	0.000421854	0	0	0	0	0	0
3	53	B	4	10.4171	0.000421854	0	0	0	0	0	0
3	54	A	1	11.5704	0.000391137	0	0	0	0	0	0
3	54	B	1	11.5704	0.000391137	0	0	0	0	0	0
3	54	A	2	10.9051	0.000432586	0	0	0	0	0	0
3	54	B	2	10.9051	0.000432586	0	0	0	0	0	0
3	54	A	3	10.6335	0.000443942	0	0	0	0	0	0
3	54	B	3	10.6335	0.000443942	0	0	0	0	0	0
3	54	A	4	10.5741	0.000558927	0	0	0	0	0	0
3	54	B	4	10.5741	0.000558927	0	0	0	0	0	0
3	55	A	1	11.3020	0.000461582	0	0	0	0	0	0
3	55	B	1	11.3020	0.000461582	0	0	0	0	0	0
3	55	A	2	10.8130	0.000339849	0	0	0	0	0	0
3	55	B	2	10.8130	0.000339849	0	0	0	0	0	0
3	55	A	3	10.6024	0.000387823	0	0	0	0	0	0
3	55	B	3	10.6024	0.000387823	0	0	0	0	0	0
3	55	A	4	10.3324	0.000419880	0	0	0	0	0	0
3	55	B	4	10.3324	0.000419880	0	0	0	0	0	0
3	56	A	1	11.2714	0.000310723	0	0	0	0	0	0
3	56	B	1	11.2714	0.000310723	0	0	0	0	0	0
3	56	A	2	10.8088	0.000340747	0	0	0	0	0	0
3	56	B	2	10.8088	0.000340747	0	0	0	0	0	0
3	56	A	3	10.6326	0.000360988	0	0	0	0	0	0
3	56	B	3	10.6326	0.000360988	0	0	0	0	0	0
3	56	A	4	10.4270	0.000418130	0	0	0	0	0	0
3	56	B	4	10.4270	0.000418130	0	0	0	0	0	0
3	57	A	1	11.3988	0.000319043	0	0	0	0	0	0
3	57	B	1	11.3988	0.000319043	0	0	0	0	0	0
3	57	A	2	10.9683	0.000335035	0	0	0	0	0	0
3	57	B	2	10.9683	0.000335035	0	0	0	0	0	0
3	57	A	3	10.6846	0.000408199	0	0	0	0	0	0
3	57	B	3	10.6846	0.000408199	0	0	0	0	0	0
3	57	A	4	10.4627	0.000427254	0	0	0	0	0	0
3	57	B	4	10.4627	0.000427254	0	0	0	0	0	0
3	58	A	1	11.6279	0.000318005	0	0	0	0	0	0
3	58	B	1	11.6279	0.000318005	0	0	0	0	0	0
3	58	A	2	10.8805	0.000345910	0	0	0	0	0	0
3	58	B	2	10.8805	0.000345910	0	0	0	0	0	0
3	58	A	3	10.6084	0.000357284	0	0	0	0	0	0
3	58	B	3	10.6084	0.000357284	0	0	0	0	0	0
3	58	A	4	10.5439	0.000416299	0	0	0	0	0	0
3	58	B	4	10.5439	0.000416299	0	0	0	0	0	0
3	59	A	1	11.2299	0.000302022	0	0	0	0	0	0
3	59	B	1	11.2299	0.000302022	0	0	0	0	0	0
3	59	A	2	10.8655	0.000341206	0	0	0	0	0	0
3	59	B	2	10.8655	0.000341206	0	0	0	0	0	0
3	59	A	3	10.5347	0.000351445	0	0	0	0	0	0
3	59	B	3	10.5347	0.000351445	0	0	0	0	0	0
3	59	A	4	10.4204	0.000407643	0	0	0	0	0	0
3	59	B	4	10.4204	0.000407643	0	0	0	0	0	0
3	60	A	1	11.3860	0.000304448	0	0	0	0	0	0
3	60	B	1	11.3860	0.000304448	0	0	0	0	0	0
3	60	A	2	10.9283	0.000391172	0	0	0	0	0	0
3	60	B	2	10.9283	0.000391172	0	0	0	0	0	0
3	60	A	3	10.7702	0.000397573	0	0	0	0	0	0
3	60	B	3	10.7702	0.000397573	0	0	0	0	0	0
3	60	A	4	10.4961	0.000425411	0	0	0	0	0	0
3	60	B	4	10.4961	0.000425411	0	0	0	0	0	0
3	61	A	1	11.7787	0.000337601	0	0	0	0	0	0
3	61	B	1	11.7787	0.000337601	0	0	0	0	0	0
3	61	A	2	11.1226	0.000368851	0	0	0	0	0	0
3	61	B	2	11.1226	0.000368851	0	0	0	0	0	0
3	61	A	3	11.1795	0.000367672	0	0	0	0	0	0
3	61	B	3	11.1795	0.000367672	0	0	0	0	0	0
3	61	A	4	10.7076	0.000396061	0	0	0	0	0	0
3	61	B	4	10.7076	0.000396061	0	0	0	0	0	0
3	62	A	1	11.6830	0.000329518	0	0	0	0	0	0
3	62	B	1	11.6830	0.000329518	0	0	0	0	0	0
3	62	A	2	11.0035	0.000347173	0	0	0	0	0	0
3	62	B	2	11.0035	0.000347173	0	0	0	0	0	0
3	62	A	3	11.4394	0.000378638	0	0	0	0	0	0
3	62	B	3	11.4394	0.000378638	0	0	0	0	0	0
3	62	A	4	10.9306	0.000422649	0	0	0	0	0	0
3	62	B	4	10.9306	0.000422649	0	0	0	0	0	0
3	63	A	1	11.5162	0.000340791	0	0	0	0	0	0
3	63	B	1	11.5162	0.000340791	0	0	0	0	0	0
3	63	A	2	10.8843	0.000356668	0	0	0	0	0	0
3	63	B	2	10.8843	0.000356668	0	0	0	0	0	0
3	63	A	3	10.9883	0.000373575	0	0	0	0	0	0
3	63	B	3	10.9883	0.000373575	0	0	0	0	0	0
3	63	A	4	10.8022	0.000425753	0	0	0	0	0	0
3	63	B	4	10.8022	0.000425753	0	0	0	0	0	0
3	64	A	1	11.7766	0.000334451	0	0	0	0	0	0
3	64	B	1	11.7766	0.000334451	0	0	0	0	0	0
3	64	A	2	10.9413	0.000389887	0	0	0	0	0	0
3	64	B	2	10.9413	0.000389887	0	0	0	0	0	0
3	64	A	3	11.2802	0.000473157	0	0	0	0	0	0
3	64	B	3	11.2802	0.000473157	0	0	0	0	0	0
3	64	A	4	10.7157	0.000438267	0	0	0	0	0	0
3	64	B	4	10.7157	0.000438267	0	0	0	0	0	0
3	65	A	1	11.5092	0.000324941	0	0	0	0	0	0
3	65	B	1	11.5092	0.000324941	0	0	0	0	0	0
3	65	A	2	10.9726	0.000383690	0	0	0	0	0	0
3	65	B	2	10.9726	0.000383690	0	0	0	0	0	0
3	65	A	3	10.6906	0.000441691	0	0	0	0	0	0
3	65	B	3	10.6906	0.000441691	0	0	0	0	0	0
3	65	A	4	10.5841	0.000510367	0	0	0	0	0	0
3	65	B	4	10.5841	0.000510367	0	0	0	0	0	0
3	66	A	1	11.9014	0.000395932	0	0	0	0	0	0
3	66	B	1	11.9014	0.000395932	0	0	0	0	0	0
3	66	A	2	11.3168	0.000567441	0	0	0	0	0	0
3	66	B	2	11.3168	0.000567441	0	0	0	0	0	0
3	66	A	3	11.2999	0.000529688	0	0	0	0	0	0
3	66	B	3	11.2999	0.000529688	0	0	0	0	0	0
3	66	A	4	10.9897	0.000589211	0	0	0	0	0	0
3	66	B	4	10.9897	0.000589211	0	0	0	0	0	0
3	67	A	1	11.6812	0.000369839	0	0	0	0	0	0
3	67	B	1	11.6812	0.000369839	0	0	0	0	0	0
3	67	A	2	11.1104	0.000375047	0	0	0	0	0	0
3	67	B	2	11.1104	0.000375047	0	0	0	0	0	0
3	67	A	3	10.9137	0.000471023	0	0	0	0	0	0
3	67	B	3	10.9137	0.000471023	0	0	0	0	0	0
3	67	A	4	10.5275	0.000442516	0	0	0	0	0	0
3	67	B	4	10.5275	0.000442516	0	0	0	0	0	0
3	68	A	1	11.6869	0.000308666	0	0	0	0	0	0
3	68	B	1	11.6869	0.000308666	0	0	0	0	0	0
3	68	A	2	11.1262	0.000318937	0	0	0	0	0	0
3	68	B	2	11.1262	0.000318937	0	0	0	0	0	0
3	68	A	3	11.0212	0.000370005	0	0	0	0	0	0
3	68	B	3	11.0212	0.000370005	0	0	0	0	0	0
3	68	A	4	10.7524	0.000410856	0	0	0	0	0	0
3	68	B	4	10.7524	0.000410856	0	0	0	0	0	0
3	69	A	1	11.7550	0.000348215	0	0	0	0	0	0
3	69	B	1	11.7550	0.000348215	0	0	0	0	0	0
3	69	A	2	10.8925	0.000360024	0	0	0	0	0	0
3	69	B	2	10.8925	0.000360024	0	0	0	0	0	0
3	69	A	3	10.7742	0.000431997	0	0	0	0	0	0
3	69	B	3	10.7742	0.000431997	0	0	0	0	0	0
3	69	A	4	10.5259	0.000462116	0	0	0	0	0	0
3	69	B	4	10.5259	0.000462116	0	0	0	0	0	0
3	70	A	1	11.6849	0.000342158	0	0	0	0	0	0
3	70	B	1	11.6849	0.000342158	0	0	0	0	0	0
3	70	A	2	11.3212	0.000403732	0	0	0	0	0	0
3	70	B	2	11.3212	0.000403732	0	0	0	0	0	0
3	70	A	3	11.2082	0.000389240	0	0	0	0	0	0
3	70	B	3	11.2082	0.000389240	0	0	0	0	0	0
3	70	A	4	10.8320	0.000461292	0	0	0	0	0	0
3	70	B	4	10.8320	0.000461292	0	0	0	0	0	0
3	71	A	1	11.5610	0.000337451	0	0	0	0	0	0
3	71	B	1	11.5610	0.000337451	0	0	0	0	0	0
3	71	A	2	11.0258	0.000340888	0	0	0	0	0	0
3	71	B	2	11.0258	0.000340888	0	0	0	0	0	0
3	71	A	3	10.8087	0.000367411	0	0	0	0	0	0
3	71	B	3	10.8087	0.000367411	0	0	0	0	0	0
3	71	A	4	10.4828	0.000396809	0	0	0	0	0	0
3	71	B	4	10.4828	0.000396809	0	0	0	0	0	0
3	72	A	1	12.0181	0.000346699	0	0	0	0	0	0
3	72	B	1	12.0181	0.000346699	0	0	0	0	0	0
3	72	A	2	11.4061	0.000364559	0	0	0	0	0	0
3	72	B	2	11.4061	0.000364559	0	0	0	0	0	0
3	72	A	3	11.1325	0.000400137	0	0	0	0	0	0
3	72	B	3	11.1325	0.000400137	0	0	0	0	0	0
3	72	A	4	11.0604	0.000463765	0	0	0	0	0	0
3	72	B	4	11.0604	0.000463765	0	0	0	0	0	0
3	73	A	1	11.6947	0.000305177	0	0	0	0	0	0
3	73	B	1	11.6947	0.000305177	0	0	0	0	0	0
3	73	A	2	11.1530	0.000327353	0	0	0	0	0	0
3	73	B	2	11.1530	0.000327353	0	0	0	0	0	0
3	73	A	3	10.8630	0.000335473	0	0	0	0	0	0
3	73	B	3	10.8630	0.000335473	0	0	0	0	0	0
3	73	A	4	10.5663	0.000383233	0	0	0	0	0	0
3	73	B	4	10.5663	0.000383233	0	0	0	0	0	0
3	74	A	1	11.8588	0.000311082	0	0	0	0	0	0
3	74	B	1	11.8588	0.000311082	0	0	0	0	0	0
3	74	A	2	11.1174	0.000323216	0	0	0	0	0	0
3	74	B	2	11.1174	0.000323216	0	0	0	0	0	0
3	74	A	3	11.3188	0.000361972	0	0	0	0	0	0
3	74	B	3	11.3188	0.000361972	0	0	0	0	0	0
3	74	A	4	10.9571	0.000427031	0	0	0	0	0	0
3	74	B	4	10.9571	0.000427031	0	0	0	0	0	0
3	75	A	1	11.6298	0.000329330	0	0	0	0	0	0
3	75	B	1	11.6298	0.000329330	0	0	0	0	0	0
3	75	A	2	11.0543	0.000299239	0	0	0	0	0	0
3	75	B	2	11.0543	0.000299239	0	0	0	0	0	0
3	75	A	3	10.7522	0.000313660	0	0	0	0	0	0
3	75	B	3	10.7522	0.000313660	0	0	0	0	0	0
3	75	A	4	10.4289	0.000354368	0	0	0	0	0	0
3	75	B	4	10.4289	0.000354368	0	0	0	0	0	0
3	76	A	1	11.4469	0.000307953	0	0	0	0	0	0
3	76	B	1	11.4469	0.000307953	0	0	0	0	0	0
3	76	A	2	10.7037	0.000317930	0	0	0	0	0	0
3	76	B	2	10.7037	0.000317930	0	0	0	0	0	0
3	76	A	3	10.7038	0.000332097	0	0	0	0	0	0
3	76	B	3	10.7038	0.000332097	0	0	0	0	0	0
3	76	A	4	10.4819	0.000509354	0	0	0	0	0	0
3	76	B	4	10.4819	0.000509354	0	0	0	0	0	0
3	77	A	1	11.8025	0.000330724	0	0	0	0	0	0
3	77	B	1	11.8025	0.000330724	0	0	0	0	0	0
3	77	A	2	11.0050	0.000332498	0	0	0	0	0	0
3	77	B	2	11.0050	0.000332498	0	0	0	0	0	0
3	77	A	3	10.7888	0.000362613	0	0	0	0	0	0
3	77	B	3	10.7888	0.000362613	0	0	0	0	0	0
3	77	A	4	10.6969	0.000412923	0	0	0	0	0	0
3	77	B	4	10.6969	0.000412923	0	0	0	0	0	0
3	78	A	1	11.7643	0.000419533	0	0	0	0	0	0
3	78	B	1	11.7643	0.000419533	0	0	0	0	0	0
3	78	A	2	10.7382	0.000379788	0	0	0	0	0	0
3	78	B	2	10.7382	0.000379788	0	0	0	0	0	0
3	78	A	3	10.5441	0.000399808	0	0	0	0	0	0
3	78	B	3	10.5441	0.000399808	0	0	0	0	0	0
3	78	A	4	10.3814	0.000479087	0	0	0	0	0	0
3	78	B	4	10.3814	0.000479087	0	0	0	0	0	0
3	79	A	1	11.2333	0.000368954	0	0	0	0	0	0
3	79	B	1	11.2333	0.000368954	0	0	0	0	0	0
3	79	A	2	10.5788	0.000375250	0	0	0	0	0	0
3	79	B	2	10.5788	0.000375250	0	0	0	0	0	0
3	79	A	3	10.2356	0.000389287	0	0	0	0	0	0
3	79	B	3	10.2356	0.000389287	0	0	0	0	0	0
3	79	A	4	10.1082	0.000438144	0	0	0	0	0	0
3	79	B	4	10.1082	0.000438144	0	0	0	0	0	0
3	80	A	1	11.5880	0.000397971	0	0	0	0	0	0
3	80	B	1	11.5880	0.000397971	0	0	0	0	0	0
3	80	A	2	11.1083	0.000449615	0	0	0	0	0	0
3	80	B	2	11.1083	0.000449615	0	0	0	0	0	0
3	80	A	3	11.1905	0.000465989	0	0	0	0	0	0
3	80	B	3	11.1905	0.000465989	0	0	0	0	0	0
3	80	A	4	10.8141	0.000480111	0	0	0	0	0	0
3	80	B	4	10.8141	0.000480111	0	0	0	0	0	0
3	81	A	1	11.1938	0.000337431	0	0	0	0	0	0
3	81	B	1	11.1938	0.000337431	0	0	0	0	0	0
3	81	A	2	10.6817	0.000330912	0	0	0	0	0	0
3	81	B	2	10.6817	0.000330912	0	0	0	0	0	0
3	81	A	3	10.3693	0.000341494	0	0	0	0	0	0
3	81	B	3	10.3693	0.000341494	0	0	0	0	0	0
3	81	A	4	10.1709	0.000377325	0	0	0	0	0	0
3	81	B	4	10.1709	0.000377325	0	0	0	0	0	0
3	82	A	1	11.4447	0.000343367	0	0	0	0	0	0
3	82	B	1	11.4447	0.000343367	0	0	0	0	0	0
3	82	A	2	10.8086	0.000328865	0	0	0	0	0	0
3	82	B	2	10.8086	0.000328865	0	0	0	0	0	0
3	82	A	3	10.6893	0.000364102	0	0	0	0	0	0
3	82	B	3	10.6893	0.000364102	0	0	0	0	0	0
3	82	A	4	10.6134	0.000772051	0	0	0	0	0	0
3	82	B	4	10.6134	0.000772051	0	0	0	0	0	0
3	83	A	1	11.5891	0.000338859	0	0	0	0	0	0
3	83	B	1	11.5891	0.000338859	0	0	0	0	0	0
3	83	A	2	11.0001	0.000359905	0	0	0	0	0	0
3	83	B	2	11.0001	0.000359905	0	0	0	0	0	0
3	83	A	3	10.7941	0.000387042	0	0	0	0	0	0
3	83	B	3	10.7941	0.000387042	0	0	0	0	0	0
3	83	A	4	10.4500	0.000439295	0	0	0	0	0	0
3	83	B	4	10.4500	0.000439295	0	0	0	0	0	0
3	84	A	1	11.6135	0.000317864	0	0	0	0	0	0
3	84	B	1	11.6135	0.000317864	0	0	0	0	0	0
3	84	A	2	10.8089	0.000322181	0	0	0	0	0	0
3	84	B	2	10.8089	0.000322181	0	0	0	0	0	0
3	84	A	3	10.6162	0.000344732	0	0	0	0	0	0
3	84	B	3	10.6162	0.000344732	0	0	0	0	0	0
3	84	A	4	10.4342	0.000433566	0	0	0	0	0	0
3	84	B	4	10.4342	0.000433566	0	0	0	0	0	0
3	85	A	1	11.3481	0.000329198	0	0	0	0	0	0
3	85	B	1	11.3481	0.000329198	0	0	0	0	0	0
3	85	A	2	10.6101	0.000381382	0	0	0	0	0	0
3	85	B	2	10.6101	0.000381382	0	0	0	0	0	0
3	85	A	3	10.5523	0.000407011	0	0	0	0	0	0
3	85	B	3	10.5523	0.000407011	0	0	0	0	0	0
3	85	A	4	10.2548	0.000545810	0	0	0	0	0	0
3	85	B	4	10.2548	0.000545810	0	0	0	0	0	0
3	86	A	1	11.6964	0.000360711	0	0	0	0	0	0
3	86	B	1	11.6964	0.000360711	0	0	0	0	0	0
3	86	A	2	11.0385	0.000484996	0	0	0	0	0	0
3	86	B	2	11.0385	0.000484996	0	0	0	0	0	0
3	86	A	3	11.2130	0.000437048	0	0	0	0	0	0
3	86	B	3	11.2130	0.000437048	0	0	0	0	0	0
3	86	A	4	10.9547	0.000452948	0	0	0	0	0	0
3	86	B	4	10.9547	0.000452948	0	0	0	0	0	0
3	87	A	1	11.6693	0.000309778	0	0	0	0	0	0
3	87	B	1	11.6693	0.000309778	0	0	0	0	0	0
3	87	A	2	10.8894	0.000323420	0	0	0	0	0	0
3	87	B	2	10.8894	0.000323420	0	0	0	0	0	0
3	87	A	3	10.7014	0.000439958	0	0	0	0	0	0
3	87	B	3	10.7014	0.000439958	0	0	0	0	0	0
3	87	A	4	10.1282	0.000637682	0	0	0	0	0	0
3	87	B	4	10.1282	0.000637682	0	0	0	0	0	0
3	88	A	1	12.1459	0.000314992	0	0	0	0	0	0
3	88	B	1	12.1459	0.000314992	0	0	0	0	0	0
3	88	A	2	11.1909	0.000340255	0	0	0	0	0	0
3	88	B	2	11.1909	0.000340255	0	0	0	0	0	0
3	88	A	3	11.1756	0.000357381	0	0	0	0	0	0
3	88	B	3	11.1756	0.000357381	0	0	0	0	0	0
3	88	A	4	10.6647	0.000395237	0	0	0	0	0	0
3	88	B	4	10.6647	0.000395237	0	0	0	0	0	0
3	89	A	1	11.6794	0.000313923	0	0	0	0	0	0
3	89	B	1	11.6794	0.000313923	0	0	0	0	0	0
3	89	A	2	11.0127	0.000333849	0	0	0	0	0	0
3	89	B	2	11.0127	0.000333849	0	0	0	0	0	0
3	89	A	3	10.7991	0.000358727	0	0	0	0	0	0
3	89	B	3	10.7991	0.000358727	0	0	0	0	0	0
3	89	A	4	10.5286	0.000393439	0	0	0	0	0	0
3	89	B	4	10.5286	0.000393439	0	0	0	0	0	0
3	90	A	1	11.1003	0.000836663	0	0	0	0	0	0
3	90	B	1	11.1003	0.000836663	0	0	0	0	0	0
3	90	A	2	11.7626	0.000642179	0	0	0	0	0	0
3	90	B	2	11.7626	0.000642179	0	0	0	0	0	0
3	90	A	3	11.3692	0.000572954	0	0	0	0	0	0
3	90	B	3	11.3692	0.000572954	0	0	0	0	0	0
3	90	A	4	11.0798	0.000586664	0	0	0	0	0	0
3	90	B	4	11.0798	0.000586664	0	0	0	0	0	0
3	91	A	1	11.1204	0.000384208	0	0	0	0	0	0
3	91	B	1	11.1204	0.000384208	0	0	0	0	0	0
3	91	A	2	10.4392	0.000378316	0	0	0	0	0	0
3	91	B	2	10.4392	0.000378316	0	0	0	0	0	0
3	91	A	3	10.4849	0.000450819	0	0	0	0	0	0
3	91	B	3	10.4849	0.000450819	0	0	0	0	0	0
3	91	A	4	10.2867	0.000562511	0	0	0	0	0	0
3	91	B	4	10.2867	0.000562511	0	0	0	0	0	0
3	92	A	1	11.9683	0.000373816	0	0	0	0	0	0
3	92	B	1	11.9683	0.000373816	0	0	0	0	0	0
3	92	A	2	11.2889	0.000330960	0	0	0	0	0	0
3	92	B	2	11.2889	0.000330960	0	0	0	0	0	0
3	92	A	3	11.0216	0.000359054	0	0	0	0	0	0
3	92	B	3	11.0216	0.000359054	0	0	0	0	0	0
3	92	A	4	10.6566	0.000518419	0	0	0	0	0	0
3	92	B	4	10.6566	0.000518419	0	0	0	0	0	0
3	93	A	1	11.8087	0.000323608	0	0	0	0	0	0
3	93	B	1	11.8087	0.000323608	0	0	0	0	0	0
3	93	A	2	11.1440	0.000451216	0	0	0	0	0	0
3	93	B	2	11.1440	0.000451216	0	0	0	0	0	0
3	93	A	3	10.8944	0.000352186	0	0	0	0	0	0
3	93	B	3	10.8944	0.000352186	0	0	0	0	0	0
3	93	A	4	10.5595	0.000394306	0	0	0	0	0	0
3	93	B	4	10.5595	0.000394306	0	0	0	0	0	0
3	94	A	1	11.7016	0.000324946	0	0	0	0	0	0
3	94	B	1	11.7016	0.000324946	0	0	0	0	0	0
3	94	A	2	11.0403	0.000431506	0	0	0	0	0	0
3	94	B	2	11.0403	0.000431506	0	0	0	0	0	0
3	94	A	3	10.8852	0.000379786	0	0	0	0	0	0
3	94	B	3	10.8852	0.000379786	0	0	0	0	0	0
3	94	A	4	10.5297	0.000449889	0	0	0	0	0	0
3	94	B	4	10.5297	0.000449889	0	0	0	0	0	0
3	95	A	1	11.8523	0.000322134	0	0	0	0	0	0
3	95	B	1	11.8523	0.000322134	0	0	0	0	0	0
3	95	A	2	11.0057	0.000344392	0	0	0	0	0	0
3	95	B	2	11.0057	0.000344392	0	0	0	0	0	0
3	95	A	3	10.9384	0.000346293	0	0	0	0	0	0
3	95	B	3	10.9384	0.000346293	0	0	0	0	0	0
3	95	A	4	10.4194	0.000459213	0	0	0	0	0	0
3	95	B	4	10.4194	0.000459213	0	0	0	0	0	0
3	96	A	1	11.6664	0.000347041	0	0	0	0	0	0
3	96	B	1	11.6664	0.000347041	0	0	0	0	0	0
3	96	A	2	11.0494	0.000402428	0	0	0	0	0	0
3	96	B	2	11.0494	0.000402428	0	0	0	0	0	0
3	96	A	3	10.9850	0.000443460	0	0	0	0	0	0
3	96	B	3	10.9850	0.000443460	0	0	0	0	0	0
3	96	A	4	10.6105	0.000527964	0	0	0	0	0	0
3	96	B	4	10.6105	0.000527964	0	0	0	0	0	0
